frame,time_sec,yaw_est,yaw_raw_ratio,yaw_valid_flag,face_orient_class,mouth_x,mouth_y,mouth_z,mouth_width_3d,mouth_width_2d,normalized_mouth_width,mouth_conf_raw,mouth_conf_adj,mouth_from_estimation,mouth_vx,mouth_vy,mouth_vz,mouth_ax,mouth_ay,mouth_az,dist_leftHand_mouth,dist_rightHand_mouth,dist_hands,dist_nose_leftHand,dist_nose_rightHand,dist_wrists,dist2d_leftHand_mouth,dist2d_rightHand_mouth,dist2d_hands,dist2d_nose_leftHand,dist2d_nose_rightHand,dist2d_wrists,norm_dist_leftHand_mouth,norm_dist_rightHand_mouth,norm_dist_hands,norm_dist_nose_leftHand,norm_dist_nose_rightHand,norm_dist_wrists,norm2d_dist_leftHand_mouth,norm2d_dist_rightHand_mouth,norm2d_dist_hands,norm2d_dist_nose_leftHand,norm2d_dist_nose_rightHand,norm2d_dist_wrists,shoulder_width_3d,shoulder_width_2d,occlusion_flag,velocity_jump_flag,velocity_jump_count,velocity_jump_v_thresh_used,velocity_jump_a_thresh_used,l0_vx,l0_vy,l0_vz,l0_ax,l0_ay,l0_az,l1_vx,l1_vy,l1_vz,l1_ax,l1_ay,l1_az,l2_vx,l2_vy,l2_vz,l2_ax,l2_ay,l2_az,l3_vx,l3_vy,l3_vz,l3_ax,l3_ay,l3_az,l4_vx,l4_vy,l4_vz,l4_ax,l4_ay,l4_az,l5_vx,l5_vy,l5_vz,l5_ax,l5_ay,l5_az,l6_vx,l6_vy,l6_vz,l6_ax,l6_ay,l6_az,l9_vx,l9_vy,l9_vz,l9_ax,l9_ay,l9_az,l10_vx,l10_vy,l10_vz,l10_ax,l10_ay,l10_az,l11_vx,l11_vy,l11_vz,l11_ax,l11_ay,l11_az,l12_vx,l12_vy,l12_vz,l12_ax,l12_ay,l12_az,l13_vx,l13_vy,l13_vz,l13_ax,l13_ay,l13_az,l14_vx,l14_vy,l14_vz,l14_ax,l14_ay,l14_az,l15_vx,l15_vy,l15_vz,l15_ax,l15_ay,l15_az,l16_vx,l16_vy,l16_vz,l16_ax,l16_ay,l16_az,l17_vx,l17_vy,l17_vz,l17_ax,l17_ay,l17_az,l18_vx,l18_vy,l18_vz,l18_ax,l18_ay,l18_az,l19_vx,l19_vy,l19_vz,l19_ax,l19_ay,l19_az,l20_vx,l20_vy,l20_vz,l20_ax,l20_ay,l20_az,l21_vx,l21_vy,l21_vz,l21_ax,l21_ay,l21_az,l22_vx,l22_vy,l22_vz,l22_ax,l22_ay,l22_az
0,0.000000,-0.176658,0.411671,1,0,0.379004,0.330174,-1.115536,0.082600,0.047089,0.255364,0.999755,0.999755,0,0.000000,0.000000,0.000000,0.000000,0.000000,0.000000,,,,,,,,,,,,,,,,,,,,,,,,,0.548535,0.184399,0,0,0,3.238260,6.000000,0.000000,0.000000,0.000000,0.000000,0.000000,0.000000,0.000000,0.000000,0.000000,0.000000,0.000000,0.000000,0.000000,0.000000,0.000000,0.000000,0.000000,0.000000,0.000000,0.000000,0.000000,0.000000,0.000000,0.000000,0.000000,0.000000,0.000000,0.000000,0.000000,0.000000,0.000000,0.000000,0.000000,0.000000,0.000000,0.000000,0.000000,0.000000,0.000000,0.000000,0.000000,0.000000,0.000000,0.000000,0.000000,0.000000,0.000000,0.000000,0.000000,0.000000,0.000000,0.000000,0.000000,0.000000,0.000000,0.000000,0.000000,0.000000,0.000000,0.000000,0.000000,0.000000,0.000000,0.000000,0.000000,0.000000,0.000000,0.000000,0.000000,0.000000,0.000000,0.000000,0.000000,0.000000,0.000000,0.000000,0.000000,0.000000,0.000000,0.000000,0.000000,0.000000,0.000000,0.000000,0.000000,0.000000,0.000000,0.000000,0.000000,0.000000,0.000000,0.000000,0.000000,0.000000,0.000000,0.000000,0.000000,0.000000,0.000000,0.000000,0.000000,0.000000,0.000000,0.000000,0.000000,0.000000,0.000000,0.000000,0.000000,0.000000,0.000000,0.000000,0.000000,0.000000,0.000000,0.000000,0.000000,0.000000,0.000000,0.000000,0.000000,0.000000,0.000000,0.000000,0.000000,0.000000
1,0.033333,-0.186184,0.406908,1,0,0.378119,0.334924,-1.097597,0.081470,0.049005,0.278142,0.999733,0.999733,0,-0.000885,0.004750,0.017939,,,,,,,,,,,,,,,,,,,,,,,,,,,,0.517239,0.176188,0,0,0,3.238260,6.000000,-0.017705,0.123140,0.598483,-0.017705,0.123140,0.598483,-0.003220,0.152200,0.503064,-0.003220,0.152200,0.503064,-0.000169,0.232102,0.508204,-0.000169,0.232102,0.508204,0.000139,0.312556,0.512373,0.000139,0.312556,0.512373,-0.053906,0.055403,0.573421,-0.053906,0.055403,0.573421,-0.070894,0.061278,0.577426,-0.070894,0.061278,0.577426,-0.079096,0.086634,0.584482,-0.079096,0.086634,0.584482,0.000145,0.128877,0.496513,0.000145,0.128877,0.496513,-0.053268,0.156133,0.579844,-0.053268,0.156133,0.579844,-0.007832,0.089453,-0.198023,-0.007832,0.089453,-0.198023,0.238633,0.055726,0.711123,0.238633,0.055726,0.711123,,,,,,,0.812082,-0.402278,1.059344,0.812082,-0.402278,1.059344,,,,,,,,,,,,,,,,,,,,,,,,,,,,,,,,,,,,,,,,,,,,,,,,
2,0.066667,-0.189499,0.405250,1,0,0.377468,0.338251,-1.092227,0.081377,0.050093,0.289538,0.999709,0.999709,0,-0.000651,0.003327,0.005370,0.000234,-0.001423,-0.012569,,,,,,,,,,,,,,,,,,,,,,,,,0.495084,0.173009,0,0,0,3.238260,6.000000,-0.021186,0.091538,0.121214,-0.003481,-0.031602,-0.477269,-0.013084,0.105112,0.139900,-0.009864,-0.047088,-0.363164,-0.006090,0.138195,0.138795,-0.005921,-0.093907,-0.369409,-0.003393,0.167131,0.138810,-0.003532,-0.145425,-0.373563,-0.043346,0.052322,0.166655,0.010560,-0.003081,-0.406766,-0.052571,0.052924,0.166329,0.018323,-0.008354,-0.411097,-0.055751,0.062288,0.166422,0.023345,-0.024346,-0.418060,-0.002464,0.102391,0.146813,-0.002609,-0.026486,-0.349700,-0.036613,0.097210,0.175384,0.016655,-0.058923,-0.404460,-0.004942,0.079354,0.006357,0.002890,-0.010099,0.204380,0.077025,0.018693,0.679439,-0.161608,-0.037033,-0.031684,,,,,,,0.207767,-0.315381,-0.062147,-0.604315,0.086897,-1.121491,,,,,,,,,,,,,,,,,,,,,,,,,,,,,,,,,,,,,,,,,,,,,,,,
3,0.100000,-0.190709,0.404646,1,0,0.377065,0.340299,-1.084193,0.081607,0.050648,0.293335,0.999694,0.999694,0,-0.000403,0.002049,0.008034,0.000249,-0.001278,0.002664,,,,,,,,,,,,,,,,,,,,,,,,,0.484634,0.172662,0,0,0,3.238260,6.000000,-0.011844,0.063255,0.254735,0.009342,-0.028283,0.133521,-0.008442,0.076837,0.243126,0.004642,-0.028275,0.103226,-0.004702,0.091235,0.242733,0.001388,-0.046960,0.103938,-0.003203,0.101703,0.243001,0.000190,-0.065428,0.104191,-0.022092,0.046235,0.248705,0.021254,-0.006087,0.082050,-0.025277,0.044131,0.248566,0.027294,-0.008793,0.082237,-0.026900,0.046420,0.248694,0.028851,-0.015868,0.082272,-0.003051,0.064518,0.238860,-0.000587,-0.037873,0.092047,-0.021113,0.058438,0.243187,0.015500,-0.038772,0.067803,-0.002255,0.065004,0.000845,0.002687,-0.014350,-0.005512,-0.003771,0.020240,0.331982,-0.080796,0.001547,-0.347457,,,,,,,-0.099277,-0.060564,0.169167,-0.307044,0.254817,0.231314,,,,,,,,,,,,,,,,,,,,,,,,,,,,,,,,,,,,,,,,,,,,,,,,
4,0.133333,-0.190977,0.404511,1,0,0.376754,0.341654,-1.079376,0.081767,0.051001,0.295567,0.999686,0.999686,0,-0.000311,0.001355,0.004817,0.000092,-0.000694,-0.003217,,,,,,,,,,,,,,,,,,,,,,,,,0.479840,0.172555,0,0,0,3.238260,6.000000,-0.008201,0.045134,0.135380,0.003643,-0.018121,-0.119355,-0.007513,0.051492,0.148484,0.000929,-0.025345,-0.094642,-0.005357,0.055245,0.148133,-0.000655,-0.035990,-0.094600,-0.004355,0.056328,0.148230,-0.001152,-0.045375,-0.094771,-0.012596,0.039402,0.150644,0.009496,-0.006833,-0.098061,-0.012631,0.039027,0.150443,0.012646,-0.005104,-0.098123,-0.012486,0.040134,0.150172,0.014414,-0.006286,-0.098522,-0.004130,0.039680,0.143348,-0.001079,-0.024838,-0.095512,-0.014532,0.041580,0.145655,0.006581,-0.016858,-0.097532,-0.000475,0.055717,0.035574,0.001780,-0.009287,0.034729,-0.007779,0.015661,0.188363,-0.004008,-0.004579,-0.143619,,,,,,,-0.077814,-0.015521,-0.136013,0.021463,0.045043,-0.305180,,,,,,,,,,,,,,,,,,,,,,,,,,,,,,,,,,,,,,,,,,,,,,,,
5,0.166667,-0.191205,0.404397,1,0,0.376607,0.344027,-1.076188,0.082867,0.050829,0.275111,0.999642,0.999642,0,-0.000148,0.002372,0.003189,0.000163,0.001018,-0.001628,,,,,,,,,,,,,,,,,,,,,,,,,0.486801,0.184757,0,0,0,3.238260,6.000000,-0.000748,0.076236,0.220860,0.007453,0.031102,0.085480,-0.000519,0.113888,0.146477,0.006994,0.062396,-0.002007,-0.001616,0.118993,0.147443,0.003741,0.063748,-0.000690,-0.002477,0.117302,0.147808,0.001878,0.060974,-0.000422,-0.000096,0.080507,0.112585,0.012500,0.041105,-0.038059,0.000015,0.054005,0.113833,0.012646,0.014978,-0.036610,-0.000620,0.026075,0.114988,0.011866,-0.014059,-0.035184,-0.005723,0.078829,0.118690,-0.001593,0.039149,-0.024658,-0.003129,0.063533,0.072595,0.011403,0.021953,-0.073060,0.000895,0.027714,-0.165882,0.001370,-0.028003,-0.201456,-0.346588,0.145589,-0.245050,-0.338809,0.129928,-0.433413,,,,,,,-0.033856,0.024698,1.571664,0.043958,0.040219,1.707677,,,,,,,,,,,,,,,,,,,,,,,,,,,,,,,,,,,,,,,,,,,,,,,,
6,0.200000,-0.191846,0.404077,1,0,0.376553,0.345189,-1.067690,0.082411,0.050786,0.264540,0.999610,0.999610,0,-0.000054,0.001162,0.008498,0.000094,-0.001210,0.005309,,,,,,,,,,,,,,,,,,,,,,,,,0.484377,0.191979,0,0,0,3.238260,6.000000,-0.000992,0.046724,0.296223,-0.000244,-0.029512,0.075363,-0.001991,0.068285,0.273199,-0.001472,-0.045603,0.126722,-0.002967,0.068602,0.273281,-0.001351,-0.050391,0.125838,-0.003359,0.066307,0.273775,-0.000882,-0.050995,0.125967,-0.000652,0.059226,0.289521,-0.000556,-0.021281,0.176936,-0.000026,0.050161,0.289893,-0.000041,-0.003844,0.176060,-0.000018,0.037062,0.290097,0.000602,0.010987,0.175109,-0.002592,0.032849,0.246745,0.003131,-0.045980,0.128055,-0.000617,0.036893,0.263096,0.002512,-0.026640,0.190501,0.002853,0.020868,0.009793,0.001958,-0.006846,0.175675,-0.198542,0.106221,0.179912,0.148046,-0.039368,0.424962,,,,,,,,,,,,,,,,,,,,,,,,,,,,,,,,,,,,,,,,,,,,,,,,,,,,,,,,,,,,
7,0.233333,-0.196204,0.401898,1,0,0.375682,0.347529,-1.035726,0.078498,0.050807,0.263385,0.999571,0.999571,0,-0.000870,0.002341,0.031964,-0.000816,0.001178,0.023467,,,,,,,,,,,,,,,,,,,,,,,,,0.452731,0.192900,0,0,0,3.238260,6.000000,-0.023734,0.080554,0.943712,-0.022742,0.033830,0.647489,-0.026470,0.129323,0.859036,-0.024479,0.061038,0.585837,-0.029154,0.138634,0.857363,-0.026187,0.070032,0.584082,-0.031644,0.151114,0.857592,-0.028285,0.084807,0.583817,-0.021386,0.100955,0.976546,-0.020734,0.041729,0.687025,-0.029795,0.082562,0.976013,-0.029769,0.032401,0.686120,-0.034361,0.060283,0.974758,-0.034343,0.023221,0.684661,-0.027070,0.063060,0.882976,-0.024478,0.030211,0.636231,-0.025173,0.077369,1.034907,-0.024556,0.040476,0.771811,-0.000062,0.020265,0.233437,-0.002915,-0.000603,0.223644,-0.032080,0.007719,1.287308,0.166462,-0.098502,1.107396,,,,,,,,,,,,,,,,,,,,,,,,,,,,,,,,,,,,,,,,,,,,,,,,,,,,,,,,,,,,
8,0.266667,-0.198419,0.400791,1,0,0.375350,0.349177,-1.026287,0.078084,0.050781,0.260776,0.999547,0.999547,0,-0.000333,0.001647,0.009439,0.000538,-0.000694,-0.022525,,,,,,,,,,,,,,,,,,,,,,,,,0.445869,0.194730,0,0,0,3.238260,6.000000,-0.007663,0.059887,0.262095,0.016071,-0.020667,-0.681617,-0.009182,0.076682,0.247414,0.017288,-0.052641,-0.611622,-0.013202,0.078638,0.246391,0.015952,-0.059996,-0.610972,-0.016613,0.081689,0.245694,0.015031,-0.069425,-0.611898,-0.004525,0.070260,0.261172,0.016861,-0.030695,-0.715374,-0.006410,0.060451,0.260217,0.023385,-0.022111,-0.715796,-0.007738,0.044351,0.258855,0.026623,-0.015932,-0.715903,-0.011148,0.045288,0.275347,0.015922,-0.017772,-0.607629,-0.008837,0.053523,0.291002,0.016336,-0.023846,-0.743905,0.003662,-0.045589,0.192151,0.003724,-0.065854,-0.041286,-0.041527,-0.002489,0.446588,-0.009447,-0.010208,-0.840720,,,,,,,,,,,,,,,,,,,,,,,,,,,,,,,,,,,,,,,,,,,,,,,,,,,,,,,,,,,,
9,0.300000,-0.206973,0.396514,1,-1,0.374964,0.351148,-1.035223,0.079400,0.050395,0.264042,0.999514,0.999514,0,-0.000385,0.001972,-0.008936,-0.000053,0.000325,-0.018375,,,,,,,,,,,,,,,,,,,,,,,,,0.462864,0.190860,0,0,0,3.238260,6.000000,-0.011444,0.053848,-0.260500,-0.003781,-0.006039,-0.522595,-0.023608,0.071913,-0.257928,-0.014426,-0.004769,-0.505342,-0.028616,0.074338,-0.256516,-0.015414,-0.004300,-0.502907,-0.031140,0.075599,-0.256455,-0.014527,-0.006090,-0.502149,-0.010961,0.064797,-0.309770,-0.006436,-0.005463,-0.570942,-0.012097,0.066418,-0.308619,-0.005687,0.005967,-0.568836,-0.012342,0.064266,-0.307260,-0.004604,0.019915,-0.566115,-0.016564,0.063802,-0.237495,-0.005416,0.018514,-0.512842,-0.006532,0.054477,-0.298698,0.002305,0.000954,-0.589700,-0.012804,0.003676,-0.003657,-0.016466,0.049265,-0.195808,0.099124,-0.027182,-0.621185,0.140651,-0.024693,-1.067773,,,,,,,,,,,,,,,,,,,,,,,,,,,,,,,,,,,,,,,,,,,,,,,,,,,,,,,,,,,,
10,0.333333,-0.213373,0.393314,1,-1,0.374614,0.352379,-1.042726,0.079924,0.050165,0.261747,0.999494,0.999494,0,-0.000350,0.001231,-0.007503,0.000035,-0.000741,0.001434,,,,,,,,,,,,,,,,,,,,,,,,,0.466877,0.191655,0,0,0,3.238260,6.000000,-0.013586,0.033965,-0.245351,-0.002142,-0.019883,0.015149,-0.024744,0.045943,-0.199950,-0.001136,-0.025970,0.057978,-0.027830,0.047100,-0.200365,0.000786,-0.027238,0.056151,-0.028828,0.048020,-0.200926,0.002312,-0.027579,0.055529,-0.011295,0.044578,-0.224018,-0.000334,-0.020219,0.085752,-0.011604,0.046989,-0.224673,0.000493,-0.019429,0.083946,-0.011964,0.047381,-0.225381,0.000378,-0.016885,0.081879,-0.013981,0.037076,-0.212127,0.002583,-0.026726,0.025368,-0.007018,0.036775,-0.238026,-0.000486,-0.017702,0.060672,-0.017538,0.004095,-0.072293,-0.004734,0.000419,-0.068636,-0.020334,0.082290,-0.193627,-0.119458,0.109472,0.427558,,,,,,,,,,,,,,,,,,,,,,,,,,,,,,,,,,,,,,,,,,,,,,,,,,,,,,,,,,,,
11,0.366667,-0.207808,0.396096,1,-1,0.373597,0.353733,-1.075856,0.079282,0.050514,0.269606,0.999459,0.999459,0,-0.001017,0.001354,-0.033130,-0.000667,0.000123,-0.025627,,,,,,,,,,,,,,,,,,,,,,,,,0.448357,0.187363,0,0,0,3.238260,6.000000,-0.036385,0.022828,-1.054040,-0.022799,-0.011137,-0.808689,-0.029156,0.020147,-1.168499,-0.004412,-0.025796,-0.968549,-0.021511,0.017510,-1.164286,0.006319,-0.029590,-0.963921,-0.016573,0.015316,-1.163253,0.012255,-0.032704,-0.962327,-0.034269,0.015837,-1.138941,-0.022974,-0.028741,-0.914923,-0.042678,0.011898,-1.135533,-0.031074,-0.035091,-0.910860,-0.047465,0.009470,-1.130075,-0.035501,-0.037911,-0.904694,-0.022112,0.058885,-1.010613,-0.008131,0.021809,-0.798486,-0.038905,0.022399,-0.977175,-0.031887,-0.014376,-0.739149,-0.029862,0.032555,-1.012400,-0.012324,0.028460,-0.940107,0.087651,-0.024766,-0.460562,0.107985,-0.107056,-0.266935,,,,,,,,,,,,,,,,,,,,,,,,,,,,,,,,,,,,,,,,,,,,,,,,,,,,,,,,,,,,
12,0.400000,-0.205686,0.397157,1,-1,0.372961,0.354634,-1.098285,0.079994,0.050672,0.271801,0.999430,0.999430,0,-0.000636,0.000901,-0.022429,0.000381,-0.000452,0.010701,,,,,,,,,,,,,,,,,,,,,,,,,0.449967,0.186432,0,0,0,3.238260,6.000000,-0.021707,0.018216,-0.735329,0.014678,-0.004612,0.318711,-0.021012,0.011939,-0.709741,0.008144,-0.008208,0.458758,-0.016361,0.009762,-0.709487,0.005150,-0.007748,0.454799,-0.012621,0.007105,-0.709330,0.003952,-0.008211,0.453923,-0.020176,0.009382,-0.724837,0.014093,-0.006455,0.414104,-0.023421,0.006969,-0.724683,0.019257,-0.004929,0.410850,-0.025687,0.004815,-0.724490,0.021778,-0.004655,0.405585,-0.014921,0.039133,-0.660979,0.007191,-0.019752,0.349634,-0.023295,0.014925,-0.684750,0.015610,-0.007474,0.292425,-0.009528,0.026633,-0.349293,0.020334,-0.005922,0.663107,0.002047,-0.035881,-0.415204,-0.085604,-0.011115,0.045358,,,,,,,,,,,,,,,,,,,,,,,,,,,,,,,,,,,,,,,,,,,,,,,,,,,,,,,,,,,,
13,0.433333,-0.204603,0.397698,1,-1,0.372787,0.356154,-1.155098,0.082097,0.050920,0.281815,0.999449,0.999449,0,-0.000173,0.001519,-0.056813,0.000463,0.000618,-0.034384,,,,,,,,,,,,,,,,,,,,,,,,,0.487021,0.180687,0,0,0,3.238260,6.000000,-0.009525,0.027441,-1.999701,0.012182,0.009225,-1.264372,-0.003493,0.001345,-1.780314,0.017519,-0.010594,-1.070573,-0.002032,-0.006502,-1.781248,0.014329,-0.016264,-1.071761,-0.001949,-0.010745,-1.781809,0.010672,-0.017850,-1.072479,-0.013457,0.028494,-1.842506,0.006719,0.019112,-1.117669,-0.017671,0.033585,-1.844584,0.005750,0.026616,-1.119901,-0.019923,0.037377,-1.846994,0.005764,0.032562,-1.122504,-0.000412,0.053181,-1.666911,0.014509,0.014048,-1.005932,-0.009962,0.037938,-1.741916,0.013333,0.023013,-1.057166,-0.020833,0.161963,-0.041519,-0.011305,0.135330,0.307774,0.116210,0.004721,-1.323529,0.114163,0.040602,-0.908325,,,,,,,,,,,,,,,,,,,,,,,,,,,,,,,,,,,,,,,,,,,,,,,,,,,,,,,,,,,,
14,0.466667,-0.203759,0.398121,1,-1,0.372667,0.357355,-1.160639,0.081813,0.050964,0.284044,0.999474,0.999474,0,-0.000121,0.001202,-0.005541,0.000052,-0.000317,0.051272,,,,,,,,,,,,,,,,,,,,,,,,,0.493245,0.179422,0,0,0,3.238260,6.000000,-0.005623,0.030061,-0.203397,0.003902,0.002620,1.796304,-0.004017,0.011113,-0.173861,-0.000524,0.009768,1.606453,-0.002837,0.003069,-0.174372,-0.000805,0.009571,1.606876,-0.002559,-0.002898,-0.173997,-0.000610,0.007847,1.607812,-0.006219,0.024896,-0.166057,0.007238,-0.003598,1.676449,-0.006633,0.025158,-0.166801,0.011038,-0.008427,1.677783,-0.007704,0.024316,-0.167774,0.012219,-0.013061,1.679220,-0.002215,0.042160,-0.172198,-0.001803,-0.011021,1.494713,-0.005035,0.029998,-0.160232,0.004927,-0.007940,1.581684,-0.005626,0.098832,0.061999,0.015207,-0.063131,0.103518,0.002111,-0.032594,-0.153746,-0.114099,-0.037315,1.169783,,,,,,,,,,,,,,,,,,,,,,,,,,,,,,,,,,,,,,,,,,,,,,,,,,,,,,,,,,,,
15,0.500000,-0.203663,0.398169,1,-1,0.372663,0.358893,-1.168146,0.083242,0.050957,0.287251,0.999514,0.999514,0,-0.000004,0.001538,-0.007507,0.000117,0.000336,-0.001966,,,,,,,,,,,,,,,,,,,,,,,,,0.523255,0.177396,0,0,0,3.238260,6.000000,0.000052,0.031946,-0.308669,0.005675,0.001885,-0.105272,0.000336,0.031225,-0.208082,0.004353,0.020112,-0.034221,-0.000078,0.023061,-0.208504,0.002759,0.019992,-0.034132,-0.000528,0.016336,-0.209255,0.002031,0.019234,-0.035258,0.001117,0.053220,-0.253980,0.007336,0.028324,-0.087923,0.000386,0.057733,-0.254216,0.007019,0.032575,-0.087415,0.000206,0.059081,-0.253880,0.007910,0.034765,-0.086106,-0.000282,0.045575,-0.197883,0.001933,0.003415,-0.025685,0.000064,0.046667,-0.252553,0.005099,0.016669,-0.092321,-0.038056,0.143650,0.104891,-0.032430,0.044818,0.042892,0.000089,0.032149,-0.879482,-0.002022,0.064743,-0.725736,,,,,,,,,,,,,,,,,,,,,,,,,,,,,,,,,,,,,,,,,,,,,,,,,,,,,,,,,,,,
16,0.533333,-0.204556,0.397722,1,-1,0.372656,0.360000,-1.157066,0.081874,0.051011,0.295729,0.999554,0.999554,0,-0.000007,0.001107,0.011080,-0.000003,-0.000431,0.018587,,,,,,,,,,,,,,,,,,,,,,,,,0.515991,0.172493,0,0,0,3.238260,6.000000,-0.000256,0.023704,0.374526,-0.000308,-0.008242,0.683195,-0.000498,0.028834,0.317184,-0.000834,-0.002391,0.525266,-0.001315,0.023447,0.317520,-0.001237,0.000386,0.526024,-0.001777,0.017618,0.318249,-0.001249,0.001282,0.527504,0.000011,0.040478,0.356591,-0.001106,-0.012742,0.610571,-0.000875,0.042171,0.357224,-0.001261,-0.015562,0.611440,-0.003708,0.042652,0.358053,-0.003914,-0.016429,0.611933,-0.000004,0.028300,0.305679,0.000278,-0.017275,0.503562,-0.000420,0.038128,0.359105,-0.000484,-0.008539,0.611658,-0.040365,0.040040,0.021796,-0.002309,-0.103610,-0.083095,0.114026,0.059479,0.200636,0.113937,0.027330,1.080118,,,,,,,,,,,,,,,,,,,,,,,,,,,,,,,,,,,,,,,,,,,,,,,,,,,,,,,,,,,,
17,0.566667,-0.200526,0.399737,1,-1,0.373587,0.360926,-1.151296,0.081283,0.051628,0.313132,0.999572,0.999572,0,0.000931,0.000926,0.005770,0.000938,-0.000180,-0.005310,,,,,,,,,,,,,,,,,,,,,,,,,0.499723,0.164877,0,0,0,3.238260,6.000000,0.007806,0.014904,0.128610,0.008062,-0.008800,-0.245916,0.014829,0.005794,0.127848,0.015327,-0.023040,-0.189336,0.018691,0.002986,0.128864,0.020006,-0.020461,-0.188656,0.022958,0.001335,0.130663,0.024735,-0.016283,-0.187586,0.004051,0.034228,0.162764,0.004040,-0.006250,-0.193827,0.004021,0.051608,0.166469,0.004896,0.009437,-0.190755,0.001282,0.072813,0.169154,0.004990,0.030161,-0.188899,0.035164,0.012217,0.154191,0.035168,-0.016083,-0.151488,0.020720,0.043345,0.191996,0.021140,0.005217,-0.167109,-0.014769,-0.189414,-0.116806,0.025596,-0.229454,-0.138602,0.267524,0.005381,0.320163,0.153498,-0.054098,0.119527,,,,,,,,,,,,,,,,,,,,,,,,,,,,,,,,,,,,,,,,,,,,,,,,,,,,,,,,,,,,
18,0.600000,-0.199970,0.400015,1,0,0.374142,0.361416,-1.143125,0.081834,0.051999,0.322886,0.999584,0.999584,0,0.000555,0.000489,0.008171,-0.000376,-0.000437,0.002401,,,,,,,,,,,,,,,,,,,,,,,,,0.500097,0.161043,0,0,0,3.238260,6.000000,0.007145,0.007342,0.334958,-0.000661,-0.007562,0.206348,0.010237,0.001187,0.315814,-0.004592,-0.004607,0.187966,0.011380,-0.000215,0.315092,-0.007311,-0.003201,0.186228,0.012581,-0.001086,0.314165,-0.010377,-0.002421,0.183502,0.003821,0.019477,0.306244,-0.000230,-0.014751,0.143480,0.002978,0.032149,0.304531,-0.001043,-0.019459,0.138062,0.000419,0.046721,0.302868,-0.000863,-0.026092,0.133714,0.020342,0.002160,0.251284,-0.014822,-0.010057,0.097093,0.012960,0.027216,0.239013,-0.007760,-0.016129,0.047017,-0.014505,-0.134118,-0.003084,0.000264,0.055296,0.113722,0.148535,0.015154,-0.054629,-0.118989,0.009773,-0.374792,,,,,,,,,,,,,,,,,,,,,,,,,,,,,,,,,,,,,,,,,,,,,,,,,,,,,,,,,,,,
19,0.633333,-0.208102,0.395949,1,-1,0.375343,0.363707,-1.017082,0.076293,0.052576,0.339702,0.999589,0.999589,0,0.001200,0.002291,0.126043,0.000645,0.001802,0.117871,,,,,,,,,,,,,,,,,,,,,,,,,0.448605,0.154771,0,1,9,3.238260,6.000000,0.013201,0.059659,4.382211,0.006056,0.052317,4.047253,0.001713,0.048863,3.909484,-0.008524,0.047676,3.593670,0.003389,0.031591,3.908325,-0.007991,0.031806,3.593233,0.006502,0.018004,3.907249,-0.006079,0.019090,3.593084,0.001246,0.102845,4.083349,-0.002575,0.083368,3.777105,0.003211,0.132409,4.086163,0.000233,0.100260,3.781632,0.004553,0.172038,4.089675,0.004134,0.125317,3.786807,0.039925,0.041477,3.662699,0.019583,0.039317,3.411415,0.032122,0.096001,3.899864,0.019162,0.068785,3.660851,0.005214,-0.017830,0.327948,0.019719,0.116288,0.331032,0.222529,0.041707,1.899850,0.073994,0.026553,1.954479,,,,,,,,,,,,,,,,,,,,,,,,,,,,,,,,,,,,,,,,,,,,,,,,,,,,,,,,,,,,
20,0.666667,-0.219245,0.390378,1,-1,0.376623,0.365114,-1.018758,0.078926,0.053193,0.343907,0.999607,0.999607,0,0.001280,0.001407,-0.001676,0.000080,-0.000884,-0.127719,,,,,,,,,,,,,,,,,,,,,,,,,0.466528,0.154672,0,0,0,3.238260,6.000000,0.021891,0.026468,-0.150479,0.008690,-0.033191,-4.532690,0.007657,0.016361,-0.027848,0.005944,-0.032502,-3.937332,0.009567,0.008859,-0.028453,0.006178,-0.022732,-3.936778,0.011580,0.003224,-0.028617,0.005078,-0.014780,-3.935866,0.004160,0.047105,-0.098484,0.002914,-0.055740,-4.181833,0.007089,0.062149,-0.099413,0.003878,-0.070260,-4.185576,0.010105,0.077168,-0.100275,0.005552,-0.094870,-4.189950,0.043218,0.020021,-0.004917,0.003293,-0.021456,-3.667616,0.033575,0.064377,-0.095644,0.001453,-0.031624,-3.995508,0.011753,-0.006818,0.572691,0.006539,0.011012,0.244743,0.032413,0.043724,0.000257,-0.190116,0.002017,-1.899593,,,,,,,,,,,,,,,,,,,,,,,,,,,,,,,,,,,,,,,,,,,,,,,,,,,,,,,,,,,,
21,0.700000,-0.224633,0.387684,1,-1,0.376858,0.368590,-0.955218,0.080452,0.053238,0.336465,0.999586,0.999586,0,0.000235,0.003476,0.063540,-0.001045,0.002070,0.065216,,,,,,,,,,,,,,,,,,,,,,,,,0.480094,0.158228,0,0,0,3.238260,6.000000,0.012819,0.104789,2.104837,-0.009072,0.078321,2.255316,0.000011,0.105696,1.985604,-0.007646,0.089335,2.013452,-0.001444,0.089274,1.982177,-0.011011,0.080415,2.010630,-0.002369,0.073841,1.976413,-0.013949,0.070617,2.005030,0.010594,0.133192,1.935707,0.006434,0.086087,2.034191,0.018589,0.141974,1.934892,0.011500,0.079825,2.034305,0.026286,0.156080,1.933587,0.016181,0.078912,2.033862,-0.000334,0.071417,1.936335,-0.043552,0.051396,1.941252,0.014437,0.137199,1.876050,-0.019138,0.072822,1.971694,-0.006631,-0.125649,1.199225,-0.018384,-0.118831,0.626534,0.010778,0.210766,0.805394,-0.021635,0.167042,0.805137,,,,,,,,,,,,,,,,,,,,,,,,,,,,,,,,,,,,,,,,,,,,,,,,,,,,,,,,,,,,
22,0.733333,-0.229873,0.385064,1,-1,0.377044,0.370711,-0.937061,0.081404,0.053208,0.334567,0.999550,0.999550,0,0.000186,0.002121,0.018158,-0.000049,-0.001356,-0.045382,,,,,,,,,,,,,,,,,,,,,,,,,0.503248,0.159036,0,0,0,3.238260,6.000000,0.008676,0.062984,0.572129,-0.004143,-0.041805,-1.532708,-0.000198,0.059105,0.570019,-0.000209,-0.046591,-1.415585,-0.001627,0.050663,0.569948,-0.000183,-0.038611,-1.412229,-0.002300,0.042321,0.569855,0.000069,-0.031520,-1.406558,0.005333,0.075360,0.537354,-0.005261,-0.057832,-1.398353,0.008560,0.082640,0.537393,-0.010029,-0.059334,-1.397499,0.012303,0.091966,0.537500,-0.013983,-0.064114,-1.396087,-0.000023,0.045317,0.564076,0.000311,-0.026100,-1.372259,0.011188,0.081880,0.525361,-0.003249,-0.055319,-1.350689,-0.006045,-0.052282,0.696984,0.000586,0.073367,-0.502241,0.084870,0.200268,-0.028653,0.074092,-0.010498,-0.834047,,,,,,,,,,,,,,,,,,,,,,,,,,,,,,,,,,,,,,,,,,,,,,,,,,,,,,,,,,,,
23,0.766667,-0.242868,0.378566,1,-1,0.379033,0.370643,-0.763042,0.084578,0.051195,0.333084,0.999574,0.999574,0,0.001989,-0.000068,0.174019,0.001803,-0.002189,0.155861,,,,,,,,,,,,,,,,,,,,,,,,,0.576076,0.153700,0,1,10,3.238260,6.000000,0.100224,0.007440,5.292733,0.091548,-0.055544,4.720604,0.062133,0.012253,5.413275,0.062331,-0.046852,4.843256,0.031523,0.009351,5.412295,0.033150,-0.041312,4.842347,0.014474,0.009719,5.412147,0.016774,-0.032602,4.842292,0.123566,0.039984,5.251443,0.118233,-0.035376,4.714089,0.168815,0.049330,5.252259,0.160255,-0.033310,4.714866,0.202966,0.055110,5.251325,0.190663,-0.036856,4.713825,0.028154,-0.001951,5.306323,0.028177,-0.047268,4.742247,0.091164,-0.002109,5.134848,0.079976,-0.083989,4.609487,-0.015282,-0.089164,5.529189,-0.009237,-0.036882,4.832205,0.218336,0.010859,3.197125,0.133466,-0.189409,3.225778,,,,,,,,,,,,,,,,,,,,,,,,,,,,,,,,,,,,,,,,,,,,,,,,,,,,,,,,,,,,
24,0.800000,-0.244737,0.377631,1,-1,0.379900,0.370553,-0.769505,0.082865,0.050357,0.336931,0.999596,0.999596,0,0.000867,-0.000090,-0.006463,-0.001122,-0.000022,-0.180482,,,,,,,,,,,,,,,,,,,,,,,,,0.579710,0.149457,0,0,0,3.238260,6.000000,0.046764,0.005510,-0.231451,-0.053460,-0.001930,-5.524184,0.038594,0.009989,-0.255076,-0.023539,-0.002264,-5.668351,0.023599,0.008998,-0.254729,-0.007924,-0.000353,-5.667024,0.013447,0.009976,-0.254320,-0.001027,0.000257,-5.666467,0.061672,0.017608,-0.222509,-0.061894,-0.022376,-5.473952,0.078570,0.015867,-0.222620,-0.090245,-0.033463,-5.474879,0.090145,0.010473,-0.222668,-0.112821,-0.044637,-5.473993,0.013184,-0.001615,-0.216633,-0.014970,0.000336,-5.522956,0.038841,-0.003811,-0.171179,-0.052323,-0.001702,-5.306027,-0.006962,-0.069097,0.086766,0.008320,0.020067,-5.442423,0.172655,-0.011966,-0.060824,-0.045681,-0.022825,-3.257949,,,,,,,0.290930,0.311635,0.057964,0.324786,0.286937,-1.513700,,,,,,,,,,,,,,,,,,,,,,,,,,,,,,,,,,,,,,,,,,,,,,,,
25,0.833333,-0.234308,0.382846,1,-1,0.382046,0.366683,-0.749211,0.080012,0.049338,0.346245,0.999605,0.999605,0,0.002147,-0.003869,0.020294,0.001280,-0.003779,0.026758,,,,,,,,,,,,,,,,,,,,,,,,,0.555394,0.142494,0,0,0,3.238260,6.000000,0.083353,-0.039450,0.657231,0.036589,-0.044960,0.888682,0.090706,-0.023389,0.635505,0.052112,-0.033378,0.890581,0.063839,-0.020866,0.635743,0.040240,-0.029864,0.890472,0.045150,-0.016835,0.637372,0.031703,-0.026811,0.891692,0.116630,-0.013466,0.700148,0.054958,-0.031074,0.922657,0.140661,-0.015708,0.702787,0.062091,-0.031575,0.925407,0.162813,-0.026030,0.703686,0.072668,-0.036503,0.926354,0.051983,-0.104400,0.566540,0.038799,-0.102785,0.783173,0.076827,-0.127764,0.651106,0.037986,-0.123953,0.822285,0.026703,-0.017002,0.182621,0.033665,0.052095,0.095855,0.169743,-0.186317,0.881889,-0.002912,-0.174351,0.942713,,,,,,,-0.198821,0.136769,1.695403,-0.489751,-0.174866,1.637439,,,,,,,,,,,,,,,,,,,,,,,,,,,,,,,,,,,,,,,,,,,,,,,,
26,0.866667,-0.238064,0.380968,1,-1,0.382954,0.365663,-0.755291,0.079138,0.048865,0.341867,0.999610,0.999610,0,0.000908,-0.001020,-0.006080,-0.001239,0.002849,-0.026374,,,,,,,,,,,,,,,,,,,,,,,,,0.528443,0.142936,0,0,0,3.238260,6.000000,0.032722,-0.007786,-0.137478,-0.050631,0.031664,-0.794709,0.027587,-0.008605,-0.188897,-0.063119,0.014784,-0.824402,0.020159,-0.008993,-0.189133,-0.043680,0.011873,-0.824876,0.014280,-0.008142,-0.189142,-0.030870,0.008693,-0.826514,0.041033,-0.002093,-0.168668,-0.075597,0.011373,-0.868816,0.043321,-0.004850,-0.168350,-0.097340,0.010858,-0.871137,0.041328,-0.007200,-0.168575,-0.121485,0.018830,-0.872261,0.018891,-0.033632,-0.193486,-0.033092,0.070768,-0.760026,0.035535,-0.027571,-0.171293,-0.041292,0.100193,-0.822399,0.019709,-0.004207,-0.857159,-0.006994,0.012795,-1.039780,-0.007362,-0.025070,-0.015394,-0.177105,0.161247,-0.897283,,,,,,,-0.011385,0.069788,-0.121286,0.187436,-0.066981,-1.816689,,,,,,,,,,,,,,,,,,,,,,,,,,,,,,,,,,,,,,,,,,,,,,,,
27,0.900000,-0.261081,0.369459,1,-1,0.385092,0.364374,-0.680694,0.076689,0.048881,0.381049,0.999633,0.999633,0,0.002138,-0.001289,0.074597,0.001231,-0.000269,0.080677,,,,,,,,,,,,,,,,,,,,,,,,,0.569105,0.128280,0,0,1,3.238260,6.000000,0.075533,-0.026678,2.117300,0.042811,-0.018892,2.254778,0.060664,-0.053104,2.326663,0.033077,-0.044499,2.515560,0.046930,-0.053992,2.324050,0.026771,-0.044999,2.513183,0.035355,-0.050498,2.321370,0.021075,-0.042356,2.510512,0.063170,-0.013419,2.364401,0.022137,-0.011326,2.533069,0.057476,-0.003708,2.362967,0.014155,0.001142,2.531317,0.054705,-0.003636,2.361943,0.013377,0.003564,2.530518,0.064099,-0.039737,2.190524,0.045208,-0.006105,2.384010,0.064255,-0.037623,2.285289,0.028720,-0.010052,2.456582,-0.031785,-0.065274,3.392036,-0.051494,-0.061067,4.249195,0.474249,-0.077435,2.020612,0.481611,-0.052365,2.036006,,,,,,,0.042146,-0.057176,1.653276,0.053531,-0.126964,1.774562,,,,,,,,,,,,,,,,,,,,,,,,,,,,,,,,,,,,,,,,,,,,,,,,
28,0.933333,-0.269498,0.365251,1,-1,0.385844,0.363268,-0.716785,0.076957,0.048772,0.382444,0.999640,0.999640,0,0.000752,-0.001105,-0.036091,-0.001387,0.000184,-0.110688,,,,,,,,,,,,,,,,,,,,,,,,,0.569002,0.127528,0,0,0,3.238260,6.000000,0.029349,-0.017842,-1.116500,-0.046184,0.008836,-3.233800,0.020215,-0.030830,-1.111672,-0.040449,0.022274,-3.438335,0.017647,-0.032597,-1.111382,-0.029283,0.021395,-3.435432,0.013992,-0.032074,-1.111545,-0.021363,0.018424,-3.432915,0.027390,-0.016708,-1.119844,-0.035780,-0.003289,-3.484245,0.027539,-0.013973,-1.120763,-0.029937,-0.010265,-3.483730,0.024409,-0.015115,-1.122197,-0.030296,-0.011479,-3.484140,0.021149,-0.032138,-1.076192,-0.042950,0.007599,-3.266716,0.023921,-0.034194,-1.089281,-0.040334,0.003429,-3.374570,0.076924,-0.032169,-0.892313,0.108709,0.033105,-4.284349,0.101925,-0.035144,-0.894352,-0.372324,0.042291,-2.914964,,,,,,,0.060318,-0.015682,-1.261631,0.018172,0.041494,-2.914907,,,,,,,,,,,,,,,,,,,,,,,,,,,,,,,,,,,,,,,,,,,,,,,,
29,0.966667,-0.260164,0.369918,1,-1,0.385741,0.362136,-0.770234,0.077501,0.048468,0.330559,0.999640,0.999640,0,-0.000103,-0.001132,-0.053449,-0.000854,-0.000027,-0.017358,,,,,,,,,,,,,,,,,,,,,,,,,0.555205,0.146626,0,0,1,3.238260,6.000000,0.000116,-0.000511,-1.491666,-0.029233,0.017331,-0.375166,0.003630,0.000730,-1.705281,-0.016585,0.031560,-0.593609,0.007853,0.000718,-1.702754,-0.009794,0.033315,-0.591372,0.010954,0.000378,-1.700476,-0.003038,0.032452,-0.588931,0.008867,-0.002665,-1.699022,-0.018523,0.014043,-0.579178,0.014290,-0.006731,-1.698800,-0.013249,0.007242,-0.578037,0.017543,-0.027904,-1.696045,-0.006866,-0.012789,-0.573848,-0.001528,-0.012343,-1.589279,-0.022677,0.019795,-0.513087,-0.004656,-0.055566,-1.617683,-0.028577,-0.021372,-0.528402,0.095546,-0.107077,-1.564330,0.018622,-0.074908,-0.672017,-0.531572,-0.037009,-0.993313,-0.633497,-0.001865,-0.098961,,,,,,,-0.406643,-0.024379,-5.600762,-0.466961,-0.008697,-4.339131,,,,,,,,,,,,,,,,,,,,,,,,,,,,,,,,,,,,,,,,,,,,,,,,
30,1.000000,-0.253461,0.373270,1,-1,0.385653,0.361379,-0.774579,0.072325,0.048223,0.314863,0.999613,0.999613,0,-0.000088,-0.000758,-0.004344,0.000014,0.000374,0.049105,0.490879,,,0.517833,,,0.460666,,,0.512863,,,0.950897,,,1.003110,,,3.007855,,,3.348672,,,0.516227,0.153154,0,0,0,3.238260,6.000000,-0.002739,-0.000689,-0.505037,-0.002855,-0.000178,0.986629,0.000947,0.004732,-0.209931,-0.002683,0.004002,1.495350,0.004082,0.002923,-0.217114,-0.003771,0.002205,1.485640,0.006563,0.001244,-0.224710,-0.004391,0.000866,1.475766,0.004662,-0.003628,-0.110718,-0.004205,-0.000963,1.588304,0.005562,-0.002733,-0.114468,-0.008728,0.003998,1.584332,0.003583,-0.021275,-0.130223,-0.013960,0.006629,1.565822,-0.001412,-0.003598,-0.228896,0.000116,0.008745,1.360383,-0.003870,-0.041876,-0.031734,0.000786,0.013690,1.585949,0.019018,-0.106660,-1.589204,-0.076528,0.000417,-0.024874,-0.206877,-0.111614,-0.313956,0.324695,-0.074605,0.679357,,,,,,,-0.138781,-0.081326,-0.368911,0.267862,-0.056947,5.231851,,,,,,,,,,,,,,,,,,,,,,,,,,,,,,,,,,,,,,,,,,,,,,,,
31,1.033333,-0.252688,0.373656,1,-1,0.385634,0.360565,-0.781180,0.067494,0.048034,0.326052,0.999626,0.999626,0,-0.000019,-0.000813,-0.006601,0.000069,-0.000055,-0.002257,0.395034,0.426475,0.067879,0.454003,0.488312,,0.394768,0.425850,0.056539,0.447035,0.474139,,0.902076,0.973874,0.155004,1.036734,1.115080,,2.679639,2.890617,0.383777,3.034420,3.218395,,0.437916,0.147322,0,0,2,3.238260,6.000000,-0.003326,-0.018242,-0.069784,-0.000587,-0.017553,0.435253,-0.001454,-0.000257,-0.305441,-0.002401,-0.004989,-0.095510,-0.000586,-0.000221,-0.299301,-0.004668,-0.003144,-0.082187,0.000951,-0.000768,-0.291206,-0.005612,-0.002012,-0.066496,-0.004435,-0.021752,-0.139906,-0.009097,-0.018124,-0.029188,-0.006162,-0.040872,-0.134833,-0.011724,-0.038139,-0.020365,-0.007875,-0.054983,-0.123131,-0.011458,-0.033708,0.007092,0.001886,-0.001277,-0.295349,0.003298,0.002321,-0.066453,-0.003013,-0.047502,-0.100728,0.000857,-0.005626,-0.068994,-0.002060,0.001405,-0.827872,-0.021078,0.108065,0.761332,0.186090,-0.018511,1.589933,0.392967,0.093103,1.903889,,,,,,,-0.038418,-0.014568,2.881687,0.100363,0.066758,3.250598,,,,,,,,,,,,,,,,,,,,,,,,,-0.904625,-1.782580,4.454162,-0.904625,-1.782580,4.454162,,,,,,,-0.575042,-1.219579,4.350375,-0.575042,-1.219579,4.350375,,,,,,
32,1.066667,-0.256989,0.371506,1,-1,0.385578,0.360058,-0.792359,0.065878,0.047881,0.327898,0.999634,0.999634,0,-0.000055,-0.000508,-0.011180,-0.000036,0.000305,-0.004579,0.390492,0.407888,0.052858,0.450867,0.469013,,0.390471,0.406747,0.045750,0.441994,0.454574,,0.906850,0.947250,0.122755,1.047061,1.089203,,2.674034,2.785494,0.313309,3.026875,3.113025,,0.430602,0.146023,0,0,0,3.238260,6.000000,-0.002434,-0.005782,-0.073845,0.000892,0.012460,-0.004061,-0.011033,0.002235,-0.433365,-0.009579,0.002492,-0.127924,-0.009291,0.003377,-0.429656,-0.008705,0.003598,-0.130355,-0.005015,0.002124,-0.423741,-0.005966,0.002892,-0.132535,-0.003036,-0.009685,-0.063148,0.001399,0.012067,0.076758,-0.003920,-0.024605,-0.069108,0.002242,0.016267,0.065725,-0.005517,-0.038797,-0.073246,0.002358,0.016186,0.049885,-0.000933,-0.000114,-0.367926,-0.002819,0.001163,-0.072577,-0.002401,-0.030352,-0.302886,0.000612,0.017150,-0.202158,-0.002104,-0.029164,-0.776476,-0.000044,-0.030569,0.051396,0.045804,-0.023083,-0.557352,-0.140286,-0.004572,-2.147285,,,,,,,-0.030301,-0.011263,0.094247,0.008117,0.003305,-2.787440,,,,,,,-0.117692,-0.236136,-0.032507,-0.117692,-0.236136,-0.032507,-0.243505,-0.607100,0.267125,-0.243505,-0.607100,0.267125,,,,,,,0.100526,-0.212141,0.219406,1.005151,1.570439,-4.234756,-0.239986,-0.544572,-0.113245,-0.239986,-0.544572,-0.113245,-0.176443,-0.137322,0.217727,0.398599,1.082257,-4.132648,,,,,,
33,1.100000,-0.261484,0.369258,1,-1,0.386787,0.360711,-0.848046,0.078446,0.046933,0.312564,0.999610,0.999610,0,0.001209,0.000654,-0.055687,0.001264,0.001162,-0.044507,0.374931,0.360430,0.035739,0.395756,0.391548,0.021223,0.342496,0.340911,0.003756,0.392493,0.391254,0.020032,0.793319,0.762637,0.075620,0.837383,0.828480,0.044907,2.280953,2.270394,0.025017,2.613920,2.605668,0.133406,0.472611,0.150155,0,1,8,3.238260,6.000000,0.021604,-0.000712,-2.175613,0.024038,0.005070,-2.101768,0.005918,0.002744,-1.662269,0.016951,0.000509,-1.228904,0.004634,0.004425,-1.664382,0.013925,0.001048,-1.234726,0.003574,0.006089,-1.663846,0.008589,0.003965,-1.240105,0.029837,-0.002851,-2.308280,0.032873,0.006834,-2.245132,0.038794,-0.009416,-2.304327,0.042714,0.015189,-2.235219,0.045168,-0.011907,-2.302909,0.050685,0.026890,-2.229663,0.026638,0.047031,-1.406452,0.027571,0.047145,-1.038526,0.045898,-0.007799,-1.934740,0.048299,0.022553,-1.631854,0.124243,0.221879,0.110241,0.126347,0.251043,0.886717,-0.127267,0.003828,-1.180821,-0.173071,0.026911,-0.623469,,,,,,,-0.749613,0.043564,-3.449825,-0.719312,0.054827,-3.544072,,,,,,,-0.893210,-0.474238,-5.884718,-0.775518,-0.238102,-5.852211,0.049371,-1.533276,-7.003201,0.292876,-0.926176,-7.270326,-0.824912,-1.269375,-6.169370,-0.824912,-1.269375,-6.169370,0.063021,-1.651264,-6.367289,-0.037505,-1.439123,-6.586695,-1.401606,-1.405832,-6.095309,-1.161620,-0.861260,-5.982064,0.015221,-1.392131,-6.040283,0.191664,-1.254809,-6.258010,-1.259683,-0.989231,-5.852489,-1.259683,-0.989231,-5.852489
34,1.133333,-0.266105,0.366947,1,-1,0.387378,0.360924,-0.891784,0.084981,0.046387,0.297984,0.999597,0.999597,0,0.000591,0.000213,-0.043738,-0.000618,-0.000441,0.011949,0.423869,0.396585,0.039531,0.414937,0.397422,0.023011,0.337334,0.329822,0.015340,0.387334,0.381202,0.019718,0.791377,0.740436,0.073805,0.774699,0.741998,0.042963,2.166981,2.118726,0.098539,2.488178,2.448787,0.126665,0.535610,0.155670,0,1,9,3.238260,6.000000,0.008262,0.000289,-1.492587,-0.013342,0.001001,0.683026,-0.001213,0.017869,-1.222168,-0.007131,0.015125,0.440101,-0.000658,0.024282,-1.222460,-0.005292,0.019857,0.441922,-0.001413,0.027600,-1.222987,-0.004987,0.021511,0.440859,0.011297,-0.002491,-1.467751,-0.018540,0.000360,0.840529,0.012986,-0.002071,-1.467083,-0.025808,0.007345,0.837244,0.010978,-0.004338,-1.465470,-0.034190,0.007569,0.837439,0.011644,0.021308,-1.186928,-0.014994,-0.025723,0.219524,0.023825,-0.008546,-1.437321,-0.022073,-0.000747,0.497419,0.100113,0.208783,0.098840,-0.024130,-0.013096,-0.011401,-0.146918,0.058016,-1.832151,-0.019651,0.054188,-0.651330,,,,,,,-0.212934,0.073641,-3.460516,0.536679,0.030077,-0.010691,0.057490,-0.088919,-4.115093,0.057490,-0.088919,-4.115093,-0.153642,-0.072477,-4.260617,0.739568,0.401761,1.624101,0.031500,-0.182231,-4.440086,-0.017871,1.351045,2.563115,-0.253941,-0.501028,-4.588956,0.570971,0.768347,1.580414,0.021996,-0.179332,-4.435458,-0.041025,1.471932,1.931831,-0.325985,-0.176135,-4.408684,1.075621,1.229697,1.686625,0.010684,-0.128471,-4.186692,-0.004537,1.263660,1.853591,-0.305788,-0.133692,-4.211930,0.953895,0.855539,1.640559
35,1.166667,-0.270135,0.364933,1,-1,0.388190,0.360299,-0.902413,0.079740,0.046096,0.267121,0.999534,0.999534,0,0.000812,-0.000626,-0.010629,0.000221,-0.000839,0.033109,0.339450,0.295426,0.120062,0.350865,0.348048,0.081955,0.295501,0.290865,0.033337,0.345150,0.344101,0.031551,0.681842,0.593411,0.241165,0.704770,0.699112,0.164621,1.712409,1.685543,0.193188,2.000121,1.994041,0.182834,0.497843,0.172565,0,1,8,3.238260,6.000000,0.018462,-0.011644,-0.202970,0.010200,-0.011933,1.289617,0.010737,-0.018070,-0.368518,0.011950,-0.035939,0.853650,0.007244,-0.012959,-0.369632,0.007902,-0.037241,0.852828,0.004646,-0.009023,-0.370926,0.006059,-0.036623,0.852061,0.023435,-0.025688,-0.211819,0.012138,-0.023197,1.255932,0.025899,-0.022869,-0.212731,0.012913,-0.020798,1.254352,0.029753,-0.017014,-0.215038,0.018775,-0.012676,1.250432,0.021906,-0.002843,-0.410922,0.010262,-0.024151,0.776006,0.026747,-0.034670,-0.226818,0.002922,-0.026124,1.210503,0.281376,0.135772,-0.976500,0.181263,-0.073011,-1.075340,-0.308766,0.001180,0.388784,-0.161848,-0.056836,2.220935,,,,,,,-0.364107,0.633289,2.653590,-0.151173,0.559648,6.114106,-0.153226,-0.701963,1.409225,-0.210716,-0.613044,5.524318,-0.859934,-0.702780,4.034262,-0.706292,-0.630303,8.294879,-0.197577,-1.588347,1.793318,-0.229077,-1.406116,6.233404,-0.899456,-1.011329,4.895157,-0.645515,-0.510301,9.484113,-0.546679,-1.144003,2.369267,-0.568675,-0.964671,6.804725,-1.013546,-0.784385,4.736515,-0.687561,-0.608250,9.145199,-0.620479,-1.044374,1.739139,-0.631163,-0.915903,5.925831,-0.778552,0.068087,4.040142,-0.472764,0.201779,8.252072
36,1.200000,-0.269098,0.365451,1,-1,0.388438,0.359101,-0.903355,0.078486,0.046031,0.265606,0.999482,0.999482,0,0.000248,-0.001198,-0.000942,-0.000564,-0.000572,0.009687,0.300162,0.287523,0.061251,0.339209,0.346693,0.037420,0.288790,0.285829,0.034415,0.338590,0.339312,0.033757,0.603169,0.577772,0.123082,0.681634,0.696673,0.075194,1.666376,1.649287,0.198584,1.953727,1.957894,0.194784,0.497641,0.173305,0,0,0,3.238260,6.000000,0.003208,-0.026637,0.021379,-0.015254,-0.014993,0.224349,0.003534,-0.035855,-0.000982,-0.007203,-0.017785,0.367536,0.003428,-0.030747,-0.001135,-0.003816,-0.017788,0.368497,0.003137,-0.026512,-0.001089,-0.001509,-0.017489,0.369837,0.006148,-0.045859,0.033377,-0.017287,-0.020171,0.245196,0.005280,-0.042079,0.033113,-0.020619,-0.019210,0.245844,0.005831,-0.034680,0.033002,-0.023922,-0.017666,0.248040,0.008681,-0.013208,-0.050722,-0.013225,-0.010365,0.360200,0.006218,-0.058631,-0.005844,-0.020529,-0.023961,0.220974,0.003202,0.055500,0.184042,-0.278174,-0.080272,1.160542,-0.036396,0.005634,0.198753,0.272370,0.004454,-0.190031,,,,,,,0.019860,0.271030,0.591398,0.383967,-0.362259,-2.062192,-0.076777,-0.116592,2.352294,0.076449,0.585371,0.943069,-0.149663,-0.102832,0.567532,0.710271,0.599948,-3.466730,-0.085682,-0.184291,2.599159,0.111895,1.404056,0.805841,-0.196381,-0.123618,0.599370,0.703075,0.887711,-4.295787,-0.171901,-0.159473,2.528170,0.374778,0.984530,0.158903,-0.185419,-0.108966,0.587971,0.828127,0.675419,-4.148544,-0.203351,-0.181262,2.351131,0.417128,0.863112,0.611992,-0.148875,0.006096,0.561204,0.629677,-0.061991,-3.478938
37,1.233333,-0.264091,0.367955,1,-1,0.389224,0.356668,-0.893621,0.076445,0.046311,0.268019,0.999422,0.999422,0,0.000786,-0.002433,0.009734,0.000538,-0.001236,0.010676,0.249152,0.396092,0.253574,0.321105,0.503295,0.282759,0.248064,0.293249,0.072481,0.297895,0.348772,0.045416,0.518832,0.824817,0.528039,0.668665,1.048056,0.588814,1.435644,1.697148,0.419478,1.724037,2.018480,0.262842,0.480218,0.172789,0,1,6,3.238260,6.000000,0.007427,-0.066098,0.463856,0.004219,-0.039461,0.442477,0.009299,-0.085836,0.329928,0.005765,-0.049981,0.330910,0.013728,-0.087101,0.330532,0.010300,-0.056354,0.331667,0.018801,-0.088259,0.330620,0.015664,-0.061747,0.331709,0.009709,-0.096235,0.392899,0.003561,-0.050376,0.359522,0.010158,-0.106927,0.393289,0.004878,-0.064848,0.360176,0.009204,-0.128839,0.394850,0.003373,-0.094159,0.361848,0.028086,-0.069324,0.250794,0.019405,-0.056116,0.301516,0.019063,-0.076685,0.333259,0.012845,-0.018054,0.339103,-0.023860,-0.007789,-0.436523,-0.027062,-0.063289,-0.620565,0.004292,0.028784,0.116494,0.040688,0.023150,-0.082259,,,,,,,0.080416,-0.022123,4.495311,0.060556,-0.293153,3.903913,-0.139330,-0.434194,0.698057,-0.062553,-0.317602,-1.654237,-0.637222,-0.667110,8.586287,-0.487559,-0.564278,8.018755,-0.586417,-0.789185,1.964175,-0.500735,-0.604894,-0.634984,-0.381512,0.498152,9.381225,-0.185131,0.621770,8.781855,-0.579304,-1.138301,3.445029,-0.407403,-0.978828,0.916859,-0.538767,0.414839,9.214824,-0.353348,0.523805,8.626853,-0.030652,-0.275728,2.151344,0.172699,-0.094466,-0.199787,-0.759595,-0.491529,8.608400,-0.610720,-0.497625,8.047196
38,1.266667,-0.265855,0.367073,1,-1,0.389996,0.355394,-0.894926,0.075052,0.046455,0.268517,0.999354,0.999354,0,0.000772,-0.001274,-0.001304,-0.000014,0.001159,-0.011038,0.246664,0.449883,0.299198,0.323783,0.555057,0.330419,0.241838,0.297447,0.077569,0.292315,0.353167,0.029161,0.535338,0.976388,0.649354,0.702711,1.204648,0.717114,1.397850,1.719277,0.448359,1.689612,2.041343,0.168551,0.460763,0.173007,0,1,4,3.238260,6.000000,0.007720,-0.037328,0.138191,0.000293,0.028770,-0.325665,0.003864,-0.057149,-0.015031,-0.005435,0.028687,-0.344959,0.006364,-0.062254,-0.014750,-0.007364,0.024847,-0.345282,0.009391,-0.067462,-0.014377,-0.009410,0.020797,-0.344997,0.004844,-0.050852,0.029304,-0.004865,0.045383,-0.363595,0.005094,-0.048140,0.029560,-0.005064,0.058787,-0.363729,0.005206,-0.044949,0.030541,-0.003998,0.083890,-0.364309,0.025022,-0.042481,-0.067227,-0.003064,0.026843,-0.318021,0.021349,-0.034006,-0.011006,0.002286,0.042679,-0.344265,-0.005373,-0.004408,-0.584730,0.018487,0.003381,-0.148207,0.029481,0.117409,0.045444,0.025189,0.088625,-0.071050,,,,,,,0.029408,0.144947,0.864231,-0.051008,0.167070,-3.631080,-0.279449,-0.081044,0.584697,-0.140119,0.353150,-0.113360,0.230049,-0.101339,2.085974,0.867271,0.565771,-6.500313,-0.190544,-0.095233,0.984135,0.395873,0.693952,-0.980040,0.097418,0.150057,2.129138,0.478930,-0.348095,-7.252087,-0.155364,-0.145158,0.719494,0.423940,0.993143,-2.725535,0.035837,0.091882,2.098714,0.574604,-0.322957,-7.116110,-0.035194,-0.018566,0.842389,-0.004542,0.257162,-1.308955,-0.009709,-0.140843,2.083499,0.749886,0.350686,-6.524901
39,1.300000,-0.276815,0.361592,1,-1,0.393937,0.352380,-0.846046,0.077630,0.045339,0.259503,0.999363,0.999363,0,0.003940,-0.003014,0.048879,0.003168,-0.001740,0.050184,0.230814,0.324218,0.213393,0.295709,0.426046,0.215648,0.230769,0.260842,0.081783,0.283561,0.320253,0.065240,0.520044,0.730493,0.480792,0.666259,0.959919,0.485875,1.320840,1.492966,0.468093,1.623000,1.833009,0.373412,0.443835,0.174714,0,1,4,3.238260,6.000000,0.082057,-0.104261,1.534134,0.074337,-0.066933,1.395943,0.076277,-0.171221,1.517932,0.072413,-0.114072,1.532963,0.079720,-0.186494,1.517410,0.073356,-0.124240,1.532160,0.080188,-0.192753,1.518116,0.070797,-0.125291,1.532493,0.053147,-0.114889,1.448577,0.048303,-0.064037,1.419273,0.056849,-0.099265,1.446444,0.051755,-0.051125,1.416884,0.063200,-0.084716,1.443018,0.057994,-0.039767,1.412477,0.099071,-0.113544,1.527377,0.074049,-0.071063,1.594604,0.137317,-0.067306,1.405372,0.115968,-0.033300,1.416378,0.125897,-0.012397,1.146627,0.131270,-0.007989,1.731357,-0.008926,-0.259928,1.718075,-0.038407,-0.377337,1.672631,,,,,,,-1.125237,-0.099764,-0.949169,-1.154645,-0.244711,-1.813400,-0.072802,-0.176561,0.695488,0.206647,-0.095517,0.110791,-1.194072,-0.161884,-3.012130,-1.424121,-0.060545,-5.098104,-0.380934,-0.074492,-0.185176,-0.190390,0.020741,-1.169311,-1.525581,-0.928507,-3.177347,-1.622999,-1.078564,-5.306485,-0.319633,-0.212701,-0.126391,-0.164269,-0.067543,-0.845885,-1.421880,-0.773817,-2.882472,-1.457717,-0.865699,-4.981186,-0.566753,-1.079078,-0.259345,-0.531559,-1.060512,-1.101734,-1.384369,-0.700650,-2.978913,-1.374660,-0.559807,-5.062412
40,1.333333,-0.280370,0.359815,1,-1,0.395839,0.350919,-0.831003,0.077279,0.044853,0.255459,0.999371,0.999371,0,0.001902,-0.001461,0.015043,-0.002038,0.001553,-0.033836,0.230482,0.309998,0.223022,0.288110,0.411518,0.205510,0.228582,0.254043,0.082526,0.282053,0.314032,0.071823,0.526050,0.707536,0.509022,0.657578,0.939245,0.469054,1.301891,1.446904,0.470028,1.606438,1.788570,0.409066,0.438137,0.175577,0,0,0,3.238260,6.000000,0.046612,-0.046328,0.455178,-0.035445,0.057933,-1.078956,0.044000,-0.065110,0.426330,-0.032277,0.106111,-1.091602,0.045969,-0.068679,0.426233,-0.033751,0.117815,-1.091177,0.047163,-0.069494,0.425876,-0.033025,0.123259,-1.092240,0.036012,-0.054269,0.430056,-0.017135,0.060620,-1.018521,0.038338,-0.052194,0.430160,-0.018511,0.047071,-1.016284,0.040548,-0.049865,0.430121,-0.022652,0.034851,-1.012897,0.048679,-0.052404,0.450066,-0.050392,0.061140,-1.077311,0.065466,-0.035259,0.452562,-0.071851,0.032047,-0.952810,0.047624,-0.017018,0.280808,-0.078273,-0.004621,-0.865819,-0.020283,-0.162926,0.478261,-0.011357,0.097002,-1.239814,,,,,,,-0.268275,-0.127455,0.060044,0.856962,-0.027691,1.009213,-0.026509,-0.075520,-0.029801,0.046293,0.101041,-0.725289,-0.227359,-0.076802,-0.419542,0.966713,0.085082,2.592588,-0.086558,-0.022640,-0.230071,0.294376,0.051852,-0.044895,-0.253271,-0.239711,-0.118951,1.272310,0.688796,3.058396,-0.072323,-0.045841,-0.298575,0.247310,0.166860,-0.172184,-0.226475,-0.195193,0.004174,1.195405,0.578624,2.886646,-0.138759,-0.212892,-0.240850,0.427994,0.866186,0.018495,-0.222457,-0.182034,-0.309910,1.161912,0.518616,2.669003
41,1.366667,-0.276877,0.361562,1,-1,0.396840,0.350550,-0.797782,0.079092,0.044013,0.244956,0.999388,0.999388,0,0.001001,-0.000368,0.033221,-0.000902,0.001093,0.018177,0.323876,0.275687,0.349583,0.307107,0.367894,0.302111,0.208671,0.260758,0.092280,0.263476,0.321187,0.078206,0.755762,0.643312,0.815749,0.716632,0.858476,0.704973,1.161360,1.451250,0.513583,1.466375,1.787568,0.435257,0.428543,0.179678,0,1,4,3.238260,6.000000,0.061182,-0.004267,0.948252,0.014570,0.042061,0.493074,0.072629,-0.022337,0.999271,0.028629,0.042773,0.572941,0.064950,-0.025921,0.997508,0.018981,0.042758,0.571275,0.058413,-0.029550,0.996047,0.011250,0.039944,0.570171,0.065982,-0.014696,0.932574,0.029970,0.039573,0.502518,0.061426,-0.016989,0.930424,0.023088,0.035205,0.500264,0.063322,-0.019004,0.925503,0.022774,0.030861,0.495382,0.015920,-0.020793,1.038346,-0.032759,0.031611,0.588280,0.044118,-0.001296,0.954856,-0.021348,0.033963,0.502294,0.117488,-0.038606,1.070699,0.069864,-0.021588,0.789891,-0.110099,-0.514169,1.441602,-0.089816,-0.351243,0.963341,,,,,,,-0.559843,-0.022196,-0.291107,-0.291568,0.105259,-0.351151,-0.421878,-0.274016,-5.119386,-0.395369,-0.198496,-5.089585,-0.480757,0.222974,-2.141538,-0.253398,0.299776,-1.721996,-0.841820,-0.105484,-5.740449,-0.755262,-0.082844,-5.510378,-0.434794,0.239872,-1.836235,-0.181523,0.479583,-1.717284,-0.636482,-0.339798,-5.548108,-0.564159,-0.293957,-5.249533,-0.462246,0.265337,-1.648323,-0.235771,0.460530,-1.652497,-0.586805,-0.269507,-5.119175,-0.448046,-0.056615,-4.878325,-0.476860,0.286374,-2.079107,-0.254403,0.468408,-1.769197
42,1.400000,-0.276752,0.361624,1,-1,0.397211,0.350078,-0.778982,0.081078,0.043649,0.233256,0.999403,0.999403,0,0.000372,-0.000473,0.018800,-0.000629,-0.000105,-0.014421,0.361115,0.267601,0.350399,0.332720,0.350351,0.308141,0.206177,0.264555,0.096892,0.261120,0.325125,0.082338,0.815346,0.604206,0.791150,0.751235,0.791043,0.695739,1.101781,1.413744,0.517778,1.395391,1.737425,0.440001,0.442898,0.187131,0,0,0,3.238260,6.000000,0.022611,-0.015481,0.553245,-0.038571,-0.011214,-0.395007,0.019916,-0.018851,0.619928,-0.052713,0.003486,-0.379343,0.020414,-0.018295,0.619630,-0.044536,0.007626,-0.377878,0.022057,-0.018684,0.619723,-0.036356,0.010866,-0.376324,0.024179,-0.024021,0.553982,-0.041803,-0.009325,-0.378592,0.025914,-0.028144,0.554100,-0.035512,-0.011155,-0.376324,0.028423,-0.032160,0.552927,-0.034899,-0.013156,-0.372576,0.004409,-0.022040,0.603181,-0.011511,-0.001247,-0.435165,0.017914,-0.006322,0.524831,-0.026204,-0.005026,-0.430025,0.107880,-0.004808,0.736141,-0.009608,0.033798,-0.334558,-0.142854,-0.175661,0.365115,-0.032755,0.338508,-1.076487,,,,,,,-0.261979,0.134411,-0.147091,0.297864,0.156607,0.144016,-0.062766,-0.028837,-0.777588,0.359112,0.245179,4.341798,-0.130395,0.129297,-0.623859,0.350362,-0.093677,1.517679,0.044864,-0.237075,-0.930190,0.886684,-0.131591,4.810259,-0.085380,0.109575,-0.772759,0.349414,-0.130297,1.063476,-0.066144,-0.060688,-0.899334,0.570338,0.279110,4.648774,-0.076348,0.109711,-0.912750,0.385898,-0.155626,0.735573,-0.058286,-0.046073,-0.796081,0.528519,0.223434,4.323094,-0.087885,0.128388,-0.669143,0.388975,-0.157986,1.409964
43,1.433333,-0.259348,0.370326,1,-1,0.397565,0.349105,-0.861918,0.073898,0.043893,0.233737,0.999294,0.999294,0,0.000354,-0.000973,-0.082936,-0.000018,-0.000500,-0.101736,0.255122,0.400785,0.481052,0.264739,0.501938,0.435425,0.196184,0.249900,0.066541,0.252156,0.308708,0.060190,0.612733,0.962575,1.155354,0.635830,1.205517,1.045770,1.044707,1.330755,0.354339,1.342768,1.643913,0.320518,0.416368,0.187788,0,1,5,3.238260,6.000000,0.014713,0.000255,-2.253342,-0.007898,0.015736,-2.806587,0.031496,0.001627,-2.794769,0.011580,0.020478,-3.414697,0.030316,0.000411,-2.794268,0.009902,0.018706,-3.413898,0.028519,-0.004507,-2.798645,0.006462,0.014177,-3.418368,0.032509,-0.003007,-2.599999,0.008330,0.021014,-3.153981,0.034170,-0.004360,-2.603810,0.008256,0.023784,-3.157910,0.040922,-0.002050,-2.604117,0.012499,0.030110,-3.157044,0.009052,-0.057608,-2.621205,0.004643,-0.035568,-3.224386,0.012129,-0.000755,-2.354938,-0.005785,0.005567,-2.879769,-0.023520,-0.872805,-3.231661,-0.131400,-0.867997,-3.967802,0.117588,-0.070186,-2.337418,0.260442,0.105475,-2.702533,,,,,,,0.293559,-0.098081,0.698678,0.555538,-0.232492,0.845769,-0.453678,-0.554123,1.213587,-0.390912,-0.525286,1.991175,0.509309,-0.306630,5.242825,0.639704,-0.435927,5.866684,-0.524369,-0.080481,1.783522,-0.569233,0.156594,2.713712,0.529627,-0.412030,5.822285,0.615007,-0.521605,6.595044,-0.585670,-0.108211,1.513281,-0.519526,-0.047523,2.412615,0.476213,-0.535485,5.704032,0.552561,-0.645196,6.616782,-0.429398,-0.041102,1.228800,-0.371112,0.004971,2.024881,0.459301,-0.588266,5.372098,0.547186,-0.716654,6.041241
44,1.466667,-0.257594,0.371203,1,-1,0.398136,0.348998,-0.857733,0.072139,0.043668,0.236011,0.999258,0.999258,0,0.000571,-0.000107,0.004185,0.000218,0.000866,0.087121,0.232861,0.400259,0.445314,0.258663,0.496134,0.409220,0.198417,0.239963,0.052296,0.254553,0.298482,0.048865,0.546330,0.939072,1.044780,0.606866,1.164011,0.960096,1.072376,1.296919,0.282643,1.375776,1.613195,0.264100,0.426228,0.185025,0,0,0,3.238260,6.000000,0.017438,-0.004405,0.320324,0.002725,-0.004660,2.573666,0.011170,0.002352,0.031226,-0.020326,0.000725,2.825995,0.009159,0.003003,0.030588,-0.021157,0.002592,2.824856,0.009150,0.003143,0.029154,-0.019369,0.007650,2.827799,0.031147,-0.000430,0.105193,-0.001362,0.002577,2.705192,0.036699,0.000242,0.102559,0.002529,0.004602,2.706369,0.037587,0.005756,0.100747,-0.003335,0.007806,2.704864,0.009500,-0.021952,0.095113,0.000448,0.035656,2.716318,0.024780,0.015565,0.156008,0.012651,0.016320,2.510946,-0.033273,-0.039169,0.354035,-0.009753,0.833636,3.585696,0.074401,0.035382,-0.016703,-0.043187,0.105568,2.320715,,,,,,,0.251174,-0.182197,0.386247,-0.042385,-0.084116,-0.312431,-0.023966,-0.005481,1.205739,0.429712,0.548642,-0.007848,0.191287,-0.271890,0.457122,-0.318022,0.034740,-4.785703,-0.084889,-0.099708,0.392979,0.439480,-0.019227,-1.390543,0.162762,-0.363184,0.305448,-0.366865,0.048846,-5.516837,0.001167,0.073607,1.361901,0.586837,0.181818,-0.151380,0.144164,-0.329524,0.336059,-0.332049,0.205961,-5.367973,0.016055,-0.134028,0.544478,0.445453,-0.092926,-0.684322,0.142137,-0.318350,0.437889,-0.317164,0.269916,-4.934209
45,1.500000,-0.221869,0.389065,1,-1,0.398274,0.349074,-0.859680,0.075388,0.043899,0.230217,0.999259,0.999259,0,0.000138,0.000076,-0.001947,-0.000433,0.000182,-0.006133,0.308479,0.316001,0.445191,0.294550,0.417007,0.389535,0.194589,0.243526,0.062817,0.251112,0.302740,0.057991,0.751356,0.769678,1.084344,0.717429,1.015697,0.948783,1.020480,1.277117,0.329429,1.316902,1.587650,0.304123,0.410563,0.190684,0,1,6,3.238260,6.000000,0.002614,0.002152,-0.342035,-0.014824,0.006557,-0.662359,0.028827,0.020808,-0.048176,0.017657,0.018456,-0.079402,0.026542,0.027950,-0.048957,0.017383,0.024947,-0.079545,0.026875,0.031510,-0.048446,0.017725,0.028367,-0.077600,0.040075,0.000874,-0.159520,0.008928,0.001304,-0.264713,0.052478,-0.000610,-0.157515,0.015779,-0.000852,-0.260074,0.071777,-0.002650,-0.158100,0.034190,-0.008406,-0.258847,0.006824,-0.001293,-0.000408,-0.002676,0.020659,-0.095521,0.001447,0.005832,-0.116429,-0.023333,-0.009733,-0.272437,0.150846,-0.355156,0.029052,0.184119,-0.315987,-0.324983,-0.113843,-0.700623,0.640417,-0.188244,-0.736005,0.657120,,,,,,,-0.112708,-0.367042,-0.453680,-0.363882,-0.184845,-0.839927,-0.059082,-0.071134,-3.514293,-0.035116,-0.065653,-4.720032,-0.328003,0.037377,-4.147210,-0.519290,0.309267,-4.604332,-0.222333,0.002925,-2.917278,-0.137444,0.102633,-3.310257,-0.332992,0.095712,-4.011422,-0.495754,0.458896,-4.316870,-0.132280,-0.072337,-3.582827,-0.133447,-0.145944,-4.944728,-0.358981,0.171847,-3.627720,-0.503145,0.501371,-3.963779,-0.071759,0.078265,-2.823767,-0.087814,0.212293,-3.368245,-0.361387,0.179120,-4.033674,-0.503524,0.497470,-4.471563
46,1.533333,-0.200255,0.399873,1,-1,0.398246,0.359912,-0.858334,0.075827,0.044554,0.226078,0.999301,0.999301,0,-0.000028,0.010838,0.001346,-0.000166,0.010763,0.003294,0.285512,0.380717,0.509648,0.277618,0.487563,0.464707,0.187723,0.251336,0.093031,0.246337,0.313913,0.089118,0.732550,0.976819,1.307624,0.712294,1.250959,1.192318,0.952547,1.275333,0.472060,1.249965,1.592861,0.452206,0.389751,0.197075,0,1,4,3.238260,6.000000,-0.001650,0.256364,-0.010394,-0.004264,0.254212,0.331641,0.019625,0.123289,0.052294,-0.009202,0.102481,0.100470,0.021722,0.105737,0.053206,-0.004820,0.077787,0.102163,0.021714,0.094002,0.054216,-0.005161,0.062492,0.102662,0.013060,0.095673,0.056913,-0.027015,0.094799,0.216433,0.017010,0.065397,0.058354,-0.035468,0.066007,0.215869,0.021556,0.051289,0.060427,-0.050221,0.053939,0.218527,0.001960,0.297324,0.041419,-0.004864,0.298617,0.041827,-0.003664,0.352940,0.039339,-0.005111,0.347108,0.155768,0.083373,0.053417,-0.231804,-0.067473,0.408573,-0.260856,-0.117238,0.032583,0.588384,-0.003395,0.733206,-0.052033,,,,,,,-0.306445,-0.000969,1.445410,-0.193737,0.366073,1.899090,0.034588,-0.019568,0.751312,0.093670,0.051566,4.265605,-0.792865,0.436034,2.877955,-0.464862,0.398657,7.025165,-0.033412,-0.009736,0.862566,0.188921,-0.012661,3.779844,-0.937872,0.500014,2.911189,-0.604880,0.404302,6.922611,-0.015226,0.112578,0.767602,0.117054,0.184915,4.350429,-0.893020,0.630174,2.578052,-0.534039,0.458327,6.205772,0.026285,0.027366,0.790025,0.098044,-0.050899,3.613792,-0.839711,0.554751,2.770019,-0.478324,0.375631,6.803693
47,1.566667,-0.190178,0.404911,1,0,0.399121,0.364469,-0.891061,0.078756,0.047651,0.240297,0.999181,0.999181,0,0.000875,0.004557,-0.032727,0.000904,-0.006281,-0.034073,0.283374,0.548176,0.734738,0.267580,0.652045,0.682357,0.165592,0.223763,0.079877,0.224904,0.287156,0.073778,0.679969,1.315375,1.763039,0.642072,1.564614,1.637349,0.835061,1.128412,0.402811,1.134164,1.448096,0.372052,0.416745,0.198299,0,1,4,3.238260,6.000000,0.016021,0.098561,-0.918301,0.017671,-0.157803,-0.907907,0.025642,0.084340,-0.939905,0.006017,-0.038949,-0.992199,0.022253,0.072735,-0.938696,0.000531,-0.033002,-0.991902,0.020294,0.059297,-0.937386,-0.001420,-0.034705,-0.991602,0.028999,0.086554,-0.983945,0.015939,-0.009119,-1.040858,0.031798,0.083314,-0.981358,0.014788,0.017917,-1.039712,0.030887,0.099888,-0.978123,0.009331,0.048599,-1.038550,0.051892,0.066742,-0.961574,0.049932,-0.230582,-1.002993,0.000642,0.206705,-1.002014,0.004306,-0.146235,-1.041353,-0.033056,-0.128273,-1.318070,-0.116429,-0.181690,-1.086266,0.013673,0.222189,-2.226689,0.130911,0.189606,-2.815073,,,,,,,0.608686,-0.036292,0.016329,0.915131,-0.035323,-1.429081,0.030127,-0.500116,-1.242296,-0.004461,-0.480548,-1.993608,0.351285,-0.844844,5.425943,1.144150,-1.280878,2.547988,-0.153700,-0.486050,-1.375544,-0.120288,-0.476314,-2.238110,0.123548,-0.595466,5.659772,1.061420,-1.095480,2.748583,-0.014188,-0.555158,-1.426864,0.001038,-0.667736,-2.194466,0.454700,-0.712606,5.452058,1.347720,-1.342780,2.874006,-0.165323,-0.482388,-1.315062,-0.191608,-0.509754,-2.105087,0.452795,-0.707057,5.431294,1.292506,-1.261808,2.661275
48,1.600000,-0.184574,0.407713,1,0,0.399538,0.366676,-0.893294,0.079036,0.049610,0.247956,0.999086,0.999086,0,0.000417,0.002207,-0.002233,-0.000458,-0.002350,0.030493,0.247275,0.545893,0.690643,0.244284,0.649932,0.637147,0.162936,0.216889,0.071239,0.222636,0.280220,0.064571,0.586454,1.294675,1.637975,0.579361,1.541422,1.511101,0.814365,1.084026,0.356058,1.112749,1.400557,0.322729,0.421644,0.200077,0,0,0,3.238260,6.000000,0.005633,0.059535,-0.081409,-0.010388,-0.039026,0.836892,0.012634,0.051830,-0.052559,-0.013008,-0.032510,0.887346,0.012647,0.043844,-0.052680,-0.009606,-0.028891,0.886016,0.012965,0.034845,-0.052224,-0.007329,-0.024452,0.885162,0.010449,0.058530,-0.022602,-0.018550,-0.028024,0.961343,0.009711,0.064401,-0.021704,-0.022087,-0.018913,0.959654,0.005788,0.091249,-0.021197,-0.025099,-0.008639,0.956926,0.026857,0.023489,-0.084713,-0.025035,-0.043253,0.876861,-0.001836,0.108938,-0.049313,-0.002478,-0.097767,0.952701,-0.009299,-0.192713,-0.028194,0.023757,-0.064440,1.289876,0.013837,0.073153,-0.166454,0.000164,-0.149036,2.060235,,,,,,,0.357571,-0.142883,0.022849,-0.251115,-0.106591,0.006520,-0.091296,-0.188452,1.297742,-0.121423,0.311664,2.540038,0.208763,-0.242064,-0.036951,-0.142522,0.602780,-5.462894,-0.061882,-0.122804,1.412823,0.091818,0.363246,2.788367,0.035979,-0.122700,-0.094335,-0.087569,0.472766,-5.754107,-0.037437,0.000046,1.251633,-0.023249,0.555204,2.678497,0.206324,-0.160401,-0.051069,-0.248376,0.552205,-5.503127,-0.055563,-0.172005,1.255521,0.109760,0.310383,2.570583,0.201539,-0.187731,-0.045741,-0.251256,0.519326,-5.477035
49,1.633333,-0.172765,0.413617,1,0,0.399731,0.366192,-0.864164,0.076965,0.049596,0.235662,0.999169,0.999169,0,0.000193,-0.000484,0.029130,-0.000224,-0.002691,0.031364,0.302125,0.495123,0.662181,0.276755,0.605571,0.617419,0.164577,0.323954,0.210598,0.224123,0.387409,0.178003,0.911384,1.493577,1.997520,0.834851,1.826751,1.862490,0.782008,1.539312,1.000683,1.064949,1.840826,0.845806,0.331502,0.210454,0,1,5,3.238260,6.000000,0.015874,-0.007090,0.707735,0.010241,-0.066625,0.789144,0.028421,-0.000555,0.831129,0.015787,-0.052385,0.883688,0.022939,-0.000191,0.832218,0.010292,-0.044035,0.884898,0.019385,0.000004,0.832120,0.006420,-0.034841,0.884344,0.035664,-0.011984,0.928418,0.025215,-0.070514,0.951020,0.034428,-0.025822,0.926660,0.024717,-0.090223,0.948364,0.028762,-0.036391,0.922614,0.022974,-0.127640,0.943811,0.009363,-0.005628,0.833842,-0.017494,-0.029117,0.918555,0.002224,-0.023446,0.913973,0.004060,-0.132384,0.963286,0.213529,0.146544,0.125900,0.222828,0.339257,0.154094,-0.240365,-0.346293,3.576524,-0.254202,-0.419446,3.742978,,,,,,,-1.742164,-0.164425,2.013019,-2.099735,-0.021542,1.990170,0.019878,0.192824,-1.251036,0.111174,0.381276,-2.548778,-2.743679,2.179005,-2.530957,-2.952442,2.421069,-2.494006,0.100188,0.043185,-1.531227,0.162070,0.165989,-2.944050,-2.775007,2.626968,-2.705600,-2.810986,2.749668,-2.611265,-0.016892,0.046588,-1.147020,0.020545,0.046542,-2.398653,-3.152000,2.938628,-2.921791,-3.358324,3.099029,-2.870722,0.053253,0.085019,-1.100825,0.108816,0.257024,-2.356346,-2.982874,2.728032,-2.675400,-3.184413,2.915763,-2.629659
50,1.666667,-0.160317,0.419842,1,0,0.399755,0.364150,-0.804116,0.077970,0.048657,0.231250,0.999244,0.999244,0,0.000024,-0.002042,0.060048,-0.000169,-0.001558,0.030918,0.334433,0.364175,0.495524,0.298716,0.463943,0.450661,0.167906,0.328825,0.216461,0.226088,0.390495,0.189318,0.942173,1.025965,1.396005,0.841552,1.307034,1.269615,0.797993,1.562785,1.028761,1.074512,1.855879,0.899759,0.354959,0.210410,0,1,4,3.238260,6.000000,0.007322,-0.013970,1.711623,-0.008552,-0.006880,1.003888,0.018508,-0.006538,1.874202,-0.009913,-0.005983,1.043073,0.015644,-0.004209,1.872448,-0.007295,-0.004018,1.040230,0.013331,-0.002978,1.872137,-0.006054,-0.002982,1.040017,0.019992,-0.030039,1.825848,-0.015672,-0.018055,0.897430,0.023346,-0.051727,1.825735,-0.011082,-0.025905,0.899075,0.030034,-0.081289,1.824828,0.001272,-0.044898,0.902214,0.000411,-0.023412,1.832471,-0.008952,-0.017784,0.998629,0.001024,-0.099109,1.770374,-0.001200,-0.075663,0.856401,0.019143,0.142728,2.644436,-0.194386,-0.003816,2.518536,-0.055189,-0.272838,1.752149,0.185176,0.073455,-1.824375,0.123569,0.258554,0.933996,0.123569,0.258554,0.933996,-0.405486,-0.082836,-0.702826,1.336678,0.081589,-2.715845,0.036544,0.112517,1.104827,0.016666,-0.080307,2.355863,-0.362109,0.135428,-4.362262,2.381570,-2.043577,-1.831305,0.023882,0.043132,1.270494,-0.076306,-0.000053,2.801721,-0.337936,-0.038910,-4.571285,2.437071,-2.665878,-1.865685,-0.022793,0.053532,0.725584,-0.005901,0.006944,1.872604,-0.351850,-0.006151,-4.736071,2.800150,-2.944779,-1.814280,0.000833,0.076225,0.900246,-0.052420,-0.008794,2.001071,-0.335016,0.084311,-4.555922,2.647858,-2.643721,-1.880522
51,1.700000,-0.153767,0.423116,1,0,0.400000,0.359252,-0.731845,0.078215,0.047859,0.230085,0.999308,0.999308,0,0.000246,-0.004897,0.072271,0.000221,-0.002855,0.012223,0.260080,0.332757,0.318562,0.251707,0.415252,,0.174260,0.328714,0.203878,0.231027,0.389164,,0.642553,0.822108,0.787039,0.621867,1.025920,,0.837767,1.580315,0.980158,1.110679,1.870932,,0.404760,0.208006,0,1,4,3.238260,6.000000,0.029307,-0.094308,2.193409,0.021985,-0.080338,0.481786,0.037250,-0.027565,2.352439,0.018742,-0.021027,0.478237,0.030938,-0.015990,2.351670,0.015294,-0.011781,0.479222,0.025566,-0.008440,2.352787,0.012235,-0.005462,0.480650,0.038901,-0.061075,2.324286,0.018909,-0.031036,0.498438,0.038475,-0.068813,2.324615,0.015129,-0.017086,0.498880,0.047607,-0.079331,2.325116,0.017573,0.001958,0.500288,0.006898,-0.110930,2.182249,0.006487,-0.087518,0.349778,0.007823,-0.182932,2.154055,0.006799,-0.083823,0.383681,-0.006693,0.290764,2.869792,-0.025836,0.148036,0.225356,0.031252,0.014915,1.029260,0.086441,0.287753,-0.722889,-0.010116,0.094078,3.226170,-0.133685,-0.164476,2.292174,0.167940,-0.047645,-0.402614,0.573426,0.035191,0.300212,0.015378,0.046914,4.195077,-0.021166,-0.065603,3.090250,,,,,,,-0.158773,0.086907,4.422829,-0.182655,0.043775,3.152335,0.376537,-0.421749,-1.260957,0.714473,-0.382839,3.310328,-0.054347,0.075767,5.052938,-0.031554,0.022235,4.327354,0.364501,-0.053589,-0.976106,0.716351,-0.047438,3.759965,-0.052338,0.066449,4.455178,-0.053171,-0.009776,3.554932,,,,,,
52,1.733333,-0.152672,0.423664,1,0,0.400100,0.356992,-0.710211,0.077523,0.047642,0.234558,0.999363,0.999363,0,0.000100,-0.002260,0.021634,-0.000146,0.002638,-0.050637,0.248163,0.330985,0.299378,0.247529,0.413230,,0.177555,0.326521,0.194544,0.233751,0.386532,,0.597108,0.796389,0.720339,0.595583,0.994278,,0.874174,1.607591,0.957818,1.150848,1.903048,,0.415608,0.203112,0,0,0,3.238260,6.000000,0.019353,-0.046287,0.685261,-0.009954,0.048021,-1.508148,0.022978,-0.018048,0.691572,-0.014272,0.009517,-1.660867,0.020529,-0.012203,0.691214,-0.010409,0.003787,-1.660456,0.017719,-0.008081,0.691182,-0.007847,0.000359,-1.661605,0.020581,-0.033666,0.702905,-0.018320,0.027409,-1.621381,0.019283,-0.035912,0.703218,-0.019192,0.032901,-1.621397,0.021332,-0.037560,0.703565,-0.026275,0.041771,-1.621551,0.003449,-0.054980,0.638402,-0.003449,0.055950,-1.543847,0.002522,-0.080601,0.659632,-0.005301,0.102331,-1.494423,-0.050053,0.143281,0.682801,-0.043360,-0.147483,-2.186991,0.087505,0.040396,0.221674,0.056253,0.025481,-0.807586,-0.007487,0.022091,0.847304,0.002629,-0.071987,-2.378866,,,,,,,0.000124,0.045336,1.175240,-0.015254,-0.001578,-3.019837,,,,,,,-0.040332,0.000705,1.242363,0.118441,-0.086202,-3.180466,,,,,,,-0.035299,0.048324,1.239805,0.019048,-0.027443,-3.813133,0.248884,-0.076813,0.723034,-0.115617,-0.023224,1.699140,-0.035425,0.054595,1.179580,0.016913,-0.011854,-3.275598,,,,,,
53,1.766667,-0.146197,0.426901,1,0,0.400652,0.354703,-0.674112,0.074297,0.046767,0.218921,0.999422,0.999422,0,0.000552,-0.002290,0.036099,0.000452,-0.000030,0.014465,0.318991,0.429031,0.250081,0.284857,0.436546,,0.181032,0.358298,0.248656,0.236314,0.415984,,0.890601,1.197824,0.698210,0.795301,1.218805,,0.847435,1.677243,1.163995,1.106220,1.947280,,0.358175,0.213623,0,0,2,3.238260,6.000000,0.028764,-0.043159,0.733654,0.009411,0.003128,0.048393,0.029163,-0.000469,0.957021,0.006185,0.017579,0.265449,0.032405,0.001533,0.956663,0.011876,0.013736,0.265449,0.036021,0.003550,0.958632,0.018302,0.011631,0.267450,0.028211,-0.011597,1.047739,0.007630,0.022069,0.344834,0.035966,-0.019488,1.048054,0.016683,0.016424,0.344836,0.050671,-0.034159,1.046306,0.029339,0.003401,0.342741,0.013085,-0.030668,1.031595,0.009636,0.024312,0.393193,0.020003,-0.106731,1.134322,0.017481,-0.026130,0.474690,0.174012,0.508734,1.222015,0.224065,0.365453,0.539214,-0.165645,-0.026300,3.474968,-0.253150,-0.066696,3.253294,0.097773,0.348855,0.173838,0.105260,0.326764,-0.673466,,,,,,,0.103535,0.018062,-1.287974,0.103411,-0.027274,-2.463214,,,,,,,0.073588,0.038499,-1.236661,0.113920,0.037794,-2.479024,,,,,,,0.042197,0.032535,-1.595156,0.077496,-0.015789,-2.834961,-1.974499,0.292756,-7.621933,-2.223383,0.369569,-8.344967,0.028462,0.042599,-1.356622,0.063887,-0.011996,-2.536202,,,,,,
54,1.800000,-0.139651,0.430175,1,0,0.400824,0.352233,-0.700472,0.075610,0.046441,0.212688,0.999476,0.999476,0,0.000172,-0.002470,-0.026360,-0.000379,-0.000180,-0.062459,0.347643,0.423875,0.297633,0.307859,0.450296,,0.183994,0.387248,0.271211,0.238598,0.444511,,0.939252,1.145212,0.804136,0.831764,1.216595,,0.842647,1.773497,1.242074,1.092715,2.035744,,0.370128,0.218353,0,0,1,3.238260,6.000000,0.023703,-0.052416,-0.695545,-0.005061,-0.009257,-1.429199,0.028902,-0.003276,-0.751176,-0.000261,-0.002807,-1.708197,0.025882,-0.000435,-0.750099,-0.006523,-0.001968,-1.706762,0.023846,-0.000020,-0.750545,-0.012175,-0.003570,-1.709177,0.033048,-0.020297,-0.796158,0.004837,-0.008700,-1.843897,0.033317,-0.028037,-0.797117,-0.002649,-0.008549,-1.845171,0.038896,-0.044584,-0.796902,-0.011775,-0.010425,-1.843208,0.003373,-0.060146,-0.761776,-0.009712,-0.029478,-1.793371,0.006996,-0.088057,-0.819801,-0.013007,0.018674,-1.954123,0.037747,0.116884,-0.826359,-0.136265,-0.391850,-2.048374,-0.102634,-0.033368,-1.167219,0.063011,-0.007068,-4.642187,0.029967,0.129377,-0.679335,-0.067806,-0.219478,-0.853173,,,,,,,0.019881,0.012853,-1.335141,-0.083654,-0.005209,-0.047167,,,,,,,0.014095,0.026386,-2.154461,-0.059493,-0.012113,-0.917800,,,,,,,-0.013772,0.024728,-1.760278,-0.055969,-0.007807,-0.165122,-0.285670,0.745579,1.117955,1.688829,0.452823,8.739888,0.033179,0.037619,-1.295561,0.004717,-0.004980,0.061061,,,,,,
55,1.833333,-0.128125,0.435937,1,0,0.400701,0.352222,-0.718800,0.077452,0.046667,0.214604,0.999524,0.999524,0,-0.000123,-0.000010,-0.018328,-0.000296,0.002460,0.008031,0.338312,0.393986,0.267400,0.303558,0.424313,,0.185790,0.361969,0.235233,0.240557,0.420331,,0.856447,0.997389,0.676932,0.768468,1.074162,,0.854380,1.664564,1.081752,1.106235,1.932953,,0.395018,0.217455,0,0,0,3.238260,6.000000,-0.000699,-0.007640,-0.464909,-0.024402,0.044776,0.230636,0.015676,-0.000549,-0.528538,-0.013226,0.002727,0.222638,0.018509,0.002313,-0.528603,-0.007373,0.002748,0.221496,0.019401,0.008664,-0.528833,-0.004445,0.008684,0.221712,0.003726,-0.003520,-0.584727,-0.029322,0.016777,0.211431,0.000528,-0.004119,-0.584403,-0.032789,0.023918,0.212714,-0.002659,-0.006120,-0.583277,-0.041555,0.038464,0.213625,-0.000136,0.000188,-0.517623,-0.003509,0.060334,0.244153,-0.007262,-0.000770,-0.582104,-0.014258,0.087287,0.237697,-0.013413,0.000712,-0.492376,-0.051160,-0.116172,0.333983,0.012983,0.029622,-1.419881,0.115617,0.062990,-0.252662,-0.001402,0.055162,-0.381171,-0.031369,-0.074215,0.298164,,,,,,,0.029186,0.088368,-0.321482,0.009305,0.075515,1.013659,,,,,,,0.031412,0.007031,-0.290276,0.017317,-0.019355,1.864185,,,,,,,0.024856,0.047320,-0.182945,0.038628,0.022592,1.577333,1.080612,-0.408552,-0.046304,1.366282,-1.154131,-1.164259,0.038683,0.079485,-0.272477,0.005504,0.041866,1.023084,,,,,,
56,1.866667,-0.123031,0.438485,1,0,0.400683,0.352406,-0.724787,0.079944,0.046745,0.216485,0.999566,0.999566,0,-0.000018,0.000183,-0.005986,0.000106,0.000193,0.012342,0.365117,0.385673,0.281305,0.325942,0.417631,,0.186721,0.355451,0.228482,0.241659,0.414044,,0.886733,0.936657,0.683184,0.791592,1.014271,,0.864739,1.646157,1.058142,1.119169,1.917512,,0.411755,0.215928,0,0,0,3.238260,6.000000,-0.000360,-0.000513,-0.103310,0.000339,0.007127,0.361599,0.007867,0.002829,-0.214924,-0.007809,0.003378,0.313614,0.009108,0.009556,-0.214121,-0.009401,0.007243,0.314482,0.009653,0.016540,-0.214496,-0.009748,0.007876,0.314337,0.001576,0.000544,-0.050431,-0.002150,0.004064,0.534296,-0.000924,0.001986,-0.052301,-0.001452,0.006105,0.532102,-0.003507,0.004104,-0.053478,-0.000848,0.010224,0.529799,0.000648,0.005280,-0.134025,0.000784,0.005092,0.383598,-0.001682,0.005714,-0.225145,0.005580,0.006484,0.356959,-0.021282,-0.016125,-0.504911,-0.007869,-0.016837,-0.012535,0.023658,0.064968,-1.129509,0.010675,0.035346,0.290372,-0.004511,0.004413,-0.576259,-0.003109,-0.050749,-0.195088,,,,,,,0.010963,0.045859,-1.187217,-0.018223,-0.042509,-0.865735,,,,,,,0.019731,0.012056,-1.082665,-0.011681,0.005025,-0.792389,,,,,,,0.012788,0.030633,-1.110456,-0.012068,-0.016687,-0.927511,0.102148,-0.166866,-0.002140,-0.978464,0.241686,0.044164,0.009730,0.049766,-1.221238,-0.028953,-0.029719,-0.948761,,,,,,
57,1.900000,-0.137529,0.431235,1,0,0.401181,0.352398,-0.735776,0.078905,0.046471,0.214736,0.999601,0.999601,0,0.000498,-0.000008,-0.010989,0.000515,-0.000191,-0.005003,0.351934,0.413637,0.226394,0.316052,0.425713,,0.187458,0.345901,0.214962,0.242429,0.404817,,0.848319,0.997049,0.545711,0.761826,1.026159,,0.866217,1.598360,0.993309,1.120232,1.870603,,0.414861,0.216410,0,0,0,3.238260,6.000000,0.023422,-0.001531,-0.330906,0.023782,-0.001018,-0.227596,0.009354,0.005186,-0.320810,0.001487,0.002357,-0.105886,0.005497,0.014882,-0.321305,-0.003611,0.005326,-0.107184,0.003359,0.024401,-0.321788,-0.006294,0.007861,-0.107292,0.017722,-0.000232,-0.408375,0.016146,-0.000776,-0.357944,0.014294,-0.000003,-0.407338,0.015218,-0.001989,-0.355037,0.008999,0.000002,-0.406044,0.012506,-0.004102,-0.352566,0.010682,-0.000385,-0.345924,0.010034,-0.005665,-0.211899,0.019172,-0.000060,-0.313411,0.020854,-0.005774,-0.088266,-0.011785,-0.011829,-0.049400,0.009497,0.004296,0.455511,-0.026255,-0.012674,-0.149843,-0.049913,-0.077642,0.979666,0.021546,-0.002158,0.253216,0.026057,-0.006571,0.829475,,,,,,,0.005469,0.067193,0.149084,-0.005494,0.021334,1.336301,,,,,,,0.013134,0.097384,0.326672,-0.006597,0.085328,1.409337,,,,,,,0.008513,0.024844,0.147489,-0.004275,-0.005789,1.257945,0.363804,-0.193153,-2.644449,0.261656,-0.026287,-2.642309,0.007752,0.030216,0.058179,-0.001978,-0.019550,1.279417,,,,,,
58,1.933333,-0.150877,0.424561,1,0,0.401571,0.353274,-0.735420,0.081775,0.046587,0.217498,0.999632,0.999632,0,0.000390,0.000876,0.000356,-0.000107,0.000883,0.011345,0.325225,0.375163,0.236566,0.298635,0.406389,,0.187762,0.342103,0.208609,0.243216,0.401674,,0.760156,0.876877,0.552932,0.698008,0.949864,,0.876588,1.597144,0.973913,1.135479,1.875257,,0.427840,0.214197,0,0,0,3.238260,6.000000,0.018890,0.010994,0.095310,-0.004532,0.012525,0.426216,0.007558,0.021388,0.106564,-0.001796,0.016202,0.427374,0.004984,0.030908,0.105742,-0.000513,0.016026,0.427047,0.003254,0.038698,0.104783,-0.000105,0.014297,0.426571,0.010681,0.011185,-0.060132,-0.007041,0.011417,0.348243,0.007423,0.011197,-0.059615,-0.006871,0.011200,0.347723,0.002865,0.011085,-0.059794,-0.006134,0.011083,0.346250,0.012502,0.021762,0.062259,0.001820,0.022147,0.408183,0.010911,0.030730,-0.040893,-0.008261,0.030790,0.272518,-0.058647,-0.013445,0.205561,-0.046862,-0.001616,0.254961,0.007715,0.045488,-0.286928,0.033970,0.058162,-0.137085,-0.005849,0.015954,0.381970,-0.027395,0.018112,0.128754,,,,,,,0.005448,0.065700,0.840996,-0.000021,-0.001493,0.691912,,,,,,,0.008671,0.074426,0.878899,-0.004463,-0.022958,0.552227,,,,,,,0.006384,0.037438,0.979857,-0.002129,0.012594,0.832368,0.201306,-0.038570,2.195676,-0.162498,0.154583,4.840125,0.008862,0.050502,0.896108,0.001110,0.020286,0.837929,,,,,,
59,1.966667,-0.174503,0.412749,1,0,0.402987,0.357996,-0.746704,0.086464,0.048139,0.231962,0.999658,0.999658,0,0.001416,0.004722,-0.011285,0.001026,0.003847,-0.011641,0.308569,0.315776,0.269788,0.291898,0.381598,,0.188969,0.314336,0.164520,0.247538,0.376989,,0.676211,0.692005,0.591227,0.639679,0.836251,,0.910567,1.514661,0.792757,1.192788,1.816559,,0.456320,0.207529,0,0,1,3.238260,6.000000,0.022658,0.055465,-0.248126,0.003768,0.044471,-0.343436,0.000011,0.083539,-0.270846,-0.007547,0.062151,-0.377410,-0.000019,0.076875,-0.272178,-0.005003,0.045967,-0.377920,-0.000106,0.071230,-0.272874,-0.003360,0.032532,-0.377657,0.000665,0.132912,-0.415950,-0.010016,0.121727,-0.355818,-0.000297,0.169302,-0.415324,-0.007720,0.158105,-0.355709,-0.001447,0.219360,-0.414453,-0.004312,0.208275,-0.354659,0.051659,0.085338,-0.269288,0.039157,0.063576,-0.331547,0.033324,0.198029,-0.407780,0.022413,0.167299,-0.366887,-0.102216,-0.027612,-0.161303,-0.043569,-0.014167,-0.366864,0.102690,0.193416,-1.242451,0.094975,0.147928,-0.955523,-0.004846,-0.028980,0.013402,0.001003,-0.044934,-0.368568,,,,,,,-0.031389,0.324694,0.316558,-0.036837,0.258994,-0.524438,,,,,,,0.006623,0.094276,0.479990,-0.002048,0.019850,-0.398909,,,,,,,0.004323,0.190794,0.309824,-0.002061,0.153356,-0.670033,1.289527,-0.441036,3.377595,1.088221,-0.402466,1.181919,0.012716,0.316041,0.253791,0.003854,0.265539,-0.642317,,,,,,
60,2.000000,-0.195972,0.402014,1,0,0.404109,0.359945,-0.758732,0.087261,0.048776,0.241997,0.999679,0.999679,0,0.001122,0.001949,-0.012028,-0.000294,-0.002773,-0.000743,0.281991,0.302111,0.303925,0.276956,0.388828,,0.189191,0.295912,0.139553,0.248832,0.359400,,0.598035,0.640704,0.644551,0.587358,0.824611,,0.938657,1.468146,0.692383,1.234563,1.783136,,0.471529,0.201555,0,0,0,3.238260,6.000000,0.021917,0.031696,-0.308565,-0.000741,-0.023769,-0.060439,0.001303,0.050741,-0.344183,0.001292,-0.032798,-0.073337,0.000886,0.046965,-0.344236,0.000905,-0.029910,-0.072058,0.000482,0.043218,-0.344236,0.000588,-0.028012,-0.071362,0.002865,0.074211,-0.375488,0.002200,-0.058701,0.040462,0.001734,0.087442,-0.375347,0.002031,-0.081860,0.039977,0.000013,0.101104,-0.374604,0.001460,-0.118256,0.039849,0.036186,0.035038,-0.352843,-0.015473,-0.050300,-0.083555,0.031106,0.081920,-0.368816,-0.002218,-0.116109,0.038964,-0.080238,-0.069746,-0.091601,0.021978,-0.042134,0.069702,0.110860,0.133186,-0.688071,0.008170,-0.060230,0.554380,-0.001587,-0.005570,0.120895,0.003259,0.023410,0.107493,,,,,,,-0.016347,0.027959,0.609568,0.015042,-0.296735,0.293010,,,,,,,0.003024,0.038694,0.752029,-0.003599,-0.055582,0.272039,,,,,,,0.000133,0.075086,0.684051,-0.004190,-0.115708,0.374227,0.575674,-0.427905,2.369195,-0.713853,0.013131,-1.008400,0.009592,0.024025,0.588235,-0.003124,-0.292016,0.334444,,,,,,
61,2.033333,-0.201868,0.399066,1,-1,0.404181,0.364899,-0.791635,0.087598,0.050428,0.253023,0.999698,0.999698,0,0.000072,0.004954,-0.032903,-0.001049,0.003005,-0.020876,0.258904,0.389332,0.471342,0.264338,0.494713,,0.184528,0.276029,0.118607,0.245621,0.340933,,0.549694,0.826614,1.000733,0.561231,1.050354,,0.925877,1.384987,0.595117,1.232416,1.710648,,0.470997,0.199301,0,0,1,3.238260,6.000000,-0.000416,0.101928,-0.879228,-0.022333,0.070232,-0.570663,-0.001190,0.032019,-1.042736,-0.002493,-0.018722,-0.698553,-0.000907,0.029425,-1.041436,-0.001793,-0.017540,-0.697200,-0.001108,0.029407,-1.041371,-0.001590,-0.013811,-0.697135,-0.005269,0.058835,-1.027075,-0.008134,-0.015376,-0.651587,-0.011646,0.073887,-1.027506,-0.013380,-0.013555,-0.652159,-0.023940,0.093233,-1.025603,-0.023953,-0.007871,-0.650999,0.004895,0.086085,-0.998043,-0.031291,0.051047,-0.645200,-0.000587,0.211107,-0.976170,-0.031693,0.129187,-0.607354,-0.067696,-0.140725,-1.285372,0.012542,-0.070979,-1.193771,0.024154,0.108063,-1.299518,-0.086706,-0.025123,-0.611447,-0.003990,-0.030091,-0.622948,-0.002403,-0.024521,-0.743843,,,,,,,-0.002732,-0.004978,-0.094038,0.013615,-0.032937,-0.703606,,,,,,,-0.006136,0.003304,-0.206718,-0.009160,-0.035390,-0.958747,,,,,,,-0.003382,0.004599,-0.162063,-0.003515,-0.070487,-0.846114,0.498218,-0.410820,5.423427,-0.077456,0.017085,3.054232,0.007023,-0.016369,-0.102407,-0.002569,-0.040394,-0.690642,,,,,,
62,2.066667,-0.208096,0.395952,1,-1,0.404214,0.367336,-0.788579,0.086449,0.051272,0.258207,0.999715,0.999715,0,0.000033,0.002437,0.003056,-0.000040,-0.002517,0.035960,0.239964,0.427211,0.501355,0.253509,0.533636,,0.181348,0.270749,0.116597,0.242756,0.336023,,0.526183,0.936770,1.099350,0.555885,1.170136,,0.913278,1.363508,0.587189,1.222531,1.692232,,0.456046,0.198568,0,0,0,3.238260,6.000000,-0.000404,0.061830,0.086102,0.000012,-0.040098,0.965330,-0.001466,0.020655,0.080709,-0.000276,-0.011364,1.123445,-0.001012,0.019343,0.081083,-0.000105,-0.010082,1.122519,-0.001090,0.019509,0.081366,0.000018,-0.009898,1.122737,-0.007161,0.038225,0.131289,-0.001892,-0.020610,1.158364,-0.013318,0.047212,0.131341,-0.001672,-0.026675,1.158847,-0.023188,0.057473,0.131291,0.000752,-0.035760,1.156894,0.002332,0.044939,0.061328,-0.002563,-0.041146,1.059371,-0.000367,0.101277,0.122032,0.000220,-0.109830,1.098202,-0.035438,-0.085115,-0.276121,0.032258,0.055610,1.009251,0.005804,0.061104,0.210033,-0.018350,-0.046959,1.509551,-0.001942,-0.017956,-0.013207,0.002048,0.012135,0.609741,,,,,,,-0.003958,-0.014836,0.491361,-0.001226,-0.009858,0.585399,,,,,,,-0.004858,0.001554,0.772587,0.001278,-0.001750,0.979305,,,,,,,-0.003735,-0.024968,0.825437,-0.000353,-0.029567,0.987500,0.015434,-0.084760,1.768433,-0.482784,0.326060,-3.654994,-0.054173,-0.024120,0.568546,-0.061196,-0.007751,0.670953,,,,,,
63,2.100000,-0.215061,0.392470,1,-1,0.404095,0.376003,-0.830659,0.085297,0.052886,0.266874,0.999730,0.999730,0,-0.000119,0.008667,-0.042080,-0.000152,0.006230,-0.045136,0.260736,0.513003,0.649202,0.256109,0.616868,,0.171924,0.255550,0.103822,0.230317,0.317580,,0.593696,1.168108,1.478231,0.583160,1.404607,,0.867559,1.289547,0.523903,1.162217,1.602561,,0.439175,0.198170,0,0,0,3.238260,6.000000,-0.010318,0.348901,-1.260016,-0.009914,0.287071,-1.346118,-0.000221,0.124389,-1.391881,0.001245,0.103734,-1.472590,-0.000212,0.105261,-1.390606,0.000800,0.085918,-1.471689,-0.000196,0.094754,-1.390116,0.000894,0.075245,-1.471482,-0.023856,0.198490,-1.330521,-0.016695,0.160265,-1.461810,-0.045999,0.218872,-1.331095,-0.032681,0.171660,-1.462436,-0.060166,0.229575,-1.330553,-0.036978,0.172102,-1.461844,0.000993,0.214671,-1.302631,-0.001339,0.169732,-1.363959,-0.008149,0.305352,-1.222159,-0.007782,0.204075,-1.344191,-0.054713,-0.133312,-1.473408,-0.019275,-0.048197,-1.197287,0.007952,0.164874,-0.914633,0.002148,0.103770,-1.124666,-0.016349,-0.221602,-1.686434,-0.014407,-0.203646,-1.673227,,,,,,,-0.137682,-0.033340,-2.321323,-0.133724,-0.018504,-2.812684,,,,,,,-0.095188,-0.059311,-2.449586,-0.090330,-0.060865,-3.222173,,,,,,,-0.032763,-0.026534,-2.428688,-0.029028,-0.001566,-3.254125,0.442587,-0.185555,2.168472,0.427153,-0.100795,0.400039,-0.119923,-0.025227,-2.327678,-0.065750,-0.001107,-2.896224,,,,,,
64,2.133333,-0.216472,0.391764,1,-1,0.404025,0.378699,-0.832807,0.086450,0.052725,0.263095,0.999749,0.999749,0,-0.000070,0.002696,-0.002148,0.000050,-0.005970,0.039932,0.299568,0.432357,0.606166,0.278768,0.537603,,0.169021,0.256067,0.112142,0.226824,0.317754,,0.718109,1.036425,1.453071,0.668249,1.288715,,0.843405,1.277756,0.559580,1.131839,1.585573,,0.417162,0.200403,0,0,0,3.238260,6.000000,-0.004773,0.097901,-0.102248,0.005545,-0.251000,1.157768,-0.000253,0.038127,-0.080441,-0.000032,-0.086262,1.311440,0.000175,0.036866,-0.080504,0.000387,-0.068395,1.310102,0.000112,0.036802,-0.081339,0.000308,-0.057952,1.308777,-0.007522,0.033394,-0.109030,0.016334,-0.165096,1.221491,-0.015973,0.026687,-0.109511,0.030026,-0.192185,1.221584,-0.023848,0.016877,-0.110831,0.036318,-0.212698,1.219722,-0.000126,0.089914,-0.040610,-0.001119,-0.124757,1.262021,-0.004053,0.071850,-0.088268,0.004096,-0.233502,1.133891,0.004790,-0.016526,-0.304458,0.059503,0.116786,1.168950,-0.060786,-0.002811,0.477018,-0.068738,-0.167685,1.391651,-0.001138,-0.008714,-1.011397,0.015211,0.212888,0.675037,,,,,,,0.005644,-0.000651,-1.582990,0.143326,0.032689,0.738333,,,,,,,0.004781,-0.024741,-1.705023,0.099969,0.034570,0.744563,,,,,,,-0.010529,-0.007673,-1.603643,0.022234,0.018861,0.825045,-0.334941,0.090653,-2.957974,-0.777528,0.276208,-5.126446,-0.024489,-0.006199,-1.530333,0.095434,0.019028,0.797345,,,,,,
65,2.166667,-0.220696,0.389652,1,-1,0.403741,0.382916,-0.779560,0.087060,0.053162,0.266018,0.999767,0.999767,0,-0.000283,0.004217,0.053247,-0.000214,0.001521,0.055395,0.288591,0.384407,0.538579,0.271160,0.484950,,0.165057,0.253350,0.116462,0.221610,0.313990,,0.740238,0.986007,1.381460,0.695529,1.243901,,0.825933,1.267744,0.582765,1.108919,1.571183,,0.389862,0.199843,0,0,0,3.238260,6.000000,-0.009155,0.160460,1.741567,-0.004382,0.062559,1.843815,-0.009280,0.104833,1.647547,-0.009027,0.066706,1.727988,-0.009166,0.100160,1.647456,-0.009341,0.063294,1.727960,-0.010498,0.099678,1.647275,-0.010610,0.062876,1.728614,-0.014425,0.098295,1.644357,-0.006903,0.064901,1.753387,-0.019859,0.090186,1.645351,-0.003886,0.063499,1.754862,-0.023624,0.078078,1.645605,0.000224,0.061201,1.756436,-0.004974,0.119090,1.603931,-0.004848,0.029176,1.644541,-0.012023,0.134005,1.590893,-0.007970,0.062155,1.679161,-0.011497,0.045362,0.417620,-0.016287,0.061888,0.722078,-0.004412,-0.007001,1.351372,0.056374,-0.004190,0.874354,-0.001657,-0.004955,0.229875,-0.000519,0.003759,1.241272,,,,,,,0.006220,-0.011598,1.606216,0.000576,-0.010947,3.189206,,,,,,,0.001274,-0.016993,1.894019,-0.003507,0.007748,3.599042,,,,,,,-0.001813,-0.000368,1.915430,0.008716,0.007305,3.519073,-0.180843,0.036196,-0.180504,0.154098,-0.054457,2.777470,-0.004726,-0.000073,1.682518,0.019763,0.006126,3.212851,,,,,,
66,2.200000,-0.229706,0.385147,1,-1,0.402983,0.385960,-0.752164,0.086877,0.053798,0.270176,0.999783,0.999783,0,-0.000758,0.003043,0.027396,-0.000474,-0.001174,-0.025851,0.280766,0.400538,0.554082,0.263865,0.500839,,0.161825,0.251365,0.118408,0.217729,0.311450,,0.751854,1.072585,1.483755,0.706594,1.341178,,0.812692,1.262363,0.594647,1.093440,1.564113,,0.373432,0.199123,0,0,0,3.238260,6.000000,-0.027883,0.107998,0.824617,-0.018728,-0.052462,-0.916950,-0.032167,0.087031,0.853062,-0.022887,-0.017802,-0.794485,-0.029653,0.089236,0.853003,-0.020487,-0.010924,-0.794453,-0.027895,0.091693,0.853434,-0.017397,-0.007985,-0.793841,-0.038349,0.068694,0.869901,-0.023924,-0.029601,-0.774456,-0.049049,0.068205,0.870118,-0.029190,-0.021981,-0.775233,-0.057579,0.067867,0.869386,-0.033955,-0.010211,-0.776219,-0.017810,0.080184,0.810966,-0.012836,-0.038906,-0.792965,-0.027679,0.102391,0.832810,-0.015656,-0.031614,-0.758083,-0.000083,0.122558,0.206079,0.011414,0.077196,-0.211541,-0.000414,-0.003342,0.771071,0.003998,0.003659,-0.580301,-0.000867,-0.004545,0.165115,0.000790,0.000410,-0.064760,,,,,,,0.002314,-0.037016,0.915837,-0.003906,-0.025418,-0.690379,,,,,,,-0.021894,-0.030246,1.003311,-0.023168,-0.013253,-0.890708,,,,,,,-0.013967,-0.013554,1.040617,-0.012154,-0.013186,-0.874813,-0.054135,0.029612,1.503941,0.126708,-0.006584,1.684445,-0.024744,-0.006500,0.937704,-0.020018,-0.006427,-0.744814,,,,,,
67,2.233333,-0.211389,0.394306,1,-1,0.401145,0.378035,-0.701825,0.080950,0.050105,0.237600,0.999800,0.999800,0,-0.001839,-0.007925,0.050339,-0.001081,-0.010968,0.022944,0.286198,,,0.262559,,,0.169598,,,0.223090,,,0.886482,,,0.813262,,,0.804235,,,1.057895,,,0.322846,0.210881,0,0,1,3.238260,6.000000,-0.014505,-0.168970,1.159015,0.013378,-0.276968,0.334398,-0.000182,-0.055459,1.524562,0.031985,-0.142490,0.671500,-0.000460,-0.032060,1.525767,0.029193,-0.121296,0.672764,-0.000539,-0.016899,1.529968,0.027356,-0.108592,0.676534,0.003528,-0.197876,1.668134,0.041877,-0.266570,0.798233,0.009840,-0.294054,1.670313,0.058889,-0.362259,0.800195,0.020456,-0.417481,1.668649,0.078035,-0.485348,0.799263,-0.067640,-0.132408,1.440622,-0.049830,-0.212592,0.629656,-0.042661,-0.343049,1.579750,-0.014982,-0.445440,0.746940,0.005296,0.504996,2.389507,0.005379,0.382438,2.183428,-0.394991,-1.121636,4.533210,-0.394577,-1.118294,3.762139,0.052553,0.075749,2.724674,0.053420,0.080294,2.559559,,,,,,,0.005732,-0.017862,1.755239,0.003418,0.019154,0.839402,,,,,,,-0.040917,0.042754,1.450483,-0.019023,0.073000,0.447172,,,,,,,-0.020886,-0.003630,1.477366,-0.006919,0.009924,0.436749,,,,,,,0.006609,-0.014112,1.735405,0.031353,-0.007612,0.797701,,,,,,
68,2.266667,-0.201913,0.399044,1,-1,0.400178,0.374329,-0.696631,0.080211,0.048845,0.224564,0.999818,0.999818,0,-0.000966,-0.003706,0.005194,0.000872,0.004219,-0.045145,0.290750,,,0.265453,,,0.173107,,,0.225690,,,0.871570,,,0.795739,,,0.795852,,,1.037602,,,0.333594,0.217511,0,0,0,3.238260,6.000000,-0.007792,-0.086330,0.102738,0.006713,0.082640,-1.056277,-0.000467,-0.022886,0.149270,-0.000285,0.032573,-1.375292,-0.000865,-0.011557,0.149288,-0.000405,0.020503,-1.376479,-0.001071,-0.004074,0.149658,-0.000532,0.012825,-1.380310,0.001681,-0.083475,0.150958,-0.001847,0.114401,-1.517176,0.004817,-0.110932,0.150670,-0.005023,0.183122,-1.519643,0.010930,-0.151762,0.150633,-0.009526,0.265719,-1.518016,-0.034698,-0.071606,0.156482,0.032942,0.060802,-1.284140,-0.023300,-0.150804,0.155150,0.019361,0.192245,-1.424600,0.001023,0.256995,0.479952,-0.004273,-0.248001,-1.909555,-0.122461,-0.281389,0.225740,0.272530,0.840247,-4.307470,0.026140,0.048961,0.444252,-0.026413,-0.026788,-2.280422,,,,,,,0.004112,-0.023650,0.150350,-0.001620,-0.005788,-1.604889,,,,,,,-0.013584,0.009141,0.084883,0.027333,-0.033613,-1.365600,,,,,,,-0.012520,-0.005903,0.063779,0.008366,-0.002273,-1.413587,,,,,,,0.005388,-0.016197,0.131208,-0.001221,-0.002085,-1.604197,,,,,,
69,2.300000,-0.179743,0.410128,1,0,0.399803,0.362271,-0.690619,0.075910,0.047621,0.207227,0.999834,0.999834,0,-0.000375,-0.012058,0.006011,0.000591,-0.008352,0.000817,0.311256,,,0.284084,,,0.184445,,,0.237428,,,0.994591,,,0.907765,,,0.802628,,,1.033185,,,0.312949,0.229802,0,0,0,3.238260,6.000000,-0.000137,-0.366697,0.153984,0.007655,-0.280367,0.051246,0.020102,-0.271554,0.198394,0.020569,-0.248668,0.049124,0.019180,-0.212956,0.199412,0.020045,-0.201399,0.050124,0.017872,-0.169271,0.200590,0.018943,-0.165197,0.050932,0.022342,-0.458267,0.312504,0.020661,-0.374792,0.161546,0.025679,-0.505055,0.314366,0.020862,-0.394123,0.163696,0.033149,-0.546643,0.316143,0.022219,-0.394881,0.165510,-0.012861,-0.301944,0.112694,0.021837,-0.230338,-0.043788,-0.009694,-0.421490,0.247936,0.013606,-0.270686,0.092786,0.101171,0.014334,-0.174863,0.100148,-0.242661,-0.654815,-0.182895,-0.420857,1.040040,-0.060434,-0.139468,0.814300,0.046813,0.076874,-0.240278,0.020673,0.027913,-0.684530,,,,,,,0.010016,-0.000243,-0.253245,0.005904,0.023407,-0.403595,,,,,,,-0.002293,0.020937,-0.324875,0.011291,0.011796,-0.409758,,,,,,,-0.007715,-0.006875,-0.333227,0.004805,-0.000972,-0.397006,,,,,,,0.001324,-0.018631,-0.245526,-0.004064,-0.002434,-0.376734,,,,,,
70,2.333333,-0.170738,0.414631,1,0,0.398944,0.361306,-0.696886,0.074760,0.047769,0.203086,0.999848,0.999848,0,-0.000860,-0.000965,-0.006266,-0.000484,0.011093,-0.012278,0.312982,,,0.286345,,,0.184907,,,0.238928,,,0.997729,,,0.912816,,,0.786120,,,1.015783,,,0.313694,0.235215,0,0,0,3.238260,6.000000,-0.009213,-0.065179,-0.187050,-0.009076,0.301518,-0.341034,-0.000097,-0.036370,-0.202342,-0.020199,0.235184,-0.400736,0.000002,-0.029661,-0.201650,-0.019178,0.183295,-0.401062,0.000266,-0.021626,-0.201067,-0.017606,0.147645,-0.401657,-0.000814,-0.030738,-0.166360,-0.023156,0.427529,-0.478864,-0.000143,-0.021723,-0.165308,-0.025822,0.483332,-0.479674,-0.000183,-0.005295,-0.163869,-0.033332,0.541348,-0.480012,-0.022195,-0.023666,-0.212100,-0.009334,0.278278,-0.324794,-0.029345,-0.034229,-0.163869,-0.019651,0.387261,-0.411805,0.045007,0.044991,-0.199234,-0.056164,0.030657,-0.024371,-0.128156,0.071392,-0.052771,0.054739,0.492249,-1.092811,0.045690,0.077392,-0.172813,-0.001123,0.000518,0.067465,,,,,,,0.014413,-0.011142,-0.248049,0.004397,-0.010899,0.005196,,,,,,,0.001628,0.000376,-0.177103,0.003921,-0.020561,0.147772,,,,,,,-0.009212,-0.019450,-0.242041,-0.001497,-0.012575,0.091186,,,,,,,0.002224,-0.033016,-0.268936,0.000900,-0.014385,-0.023410,,,,,,
71,2.366667,-0.166285,0.416858,1,0,0.398639,0.354290,-0.704122,0.081112,0.047411,0.196505,0.999860,0.999860,0,-0.000305,-0.007016,-0.007237,0.000555,-0.006051,-0.000970,0.321457,,,0.294604,,,0.190181,,,0.244592,,,1.001943,,,0.918245,,,0.788253,,,1.013769,,,0.320834,0.241270,0,0,0,3.238260,6.000000,-0.000586,-0.220505,-0.224540,0.008627,-0.155326,-0.037490,0.004319,-0.216958,-0.216009,0.004416,-0.180588,-0.013667,0.004985,-0.181876,-0.218090,0.004983,-0.152215,-0.016440,0.005448,-0.151727,-0.222484,0.005182,-0.130101,-0.021417,0.001871,-0.291034,-0.393092,0.002685,-0.260296,-0.226732,0.002766,-0.304224,-0.395034,0.002909,-0.282501,-0.229726,0.002759,-0.317021,-0.395688,0.002942,-0.311726,-0.231819,-0.007842,-0.179708,-0.092499,0.014353,-0.156042,0.119601,-0.010429,-0.241285,-0.341690,0.018916,-0.207056,-0.177821,0.096976,0.000325,-0.118420,0.051969,-0.044666,0.080814,-0.073489,-0.068366,-0.236258,0.054667,-0.139758,-0.183487,0.054638,0.095344,-0.067336,0.008948,0.017952,0.105477,,,,,,,0.030880,-0.007782,-0.350000,0.016467,0.003360,-0.101951,,,,,,,0.001593,-0.043888,-0.549329,-0.000035,-0.044264,-0.372226,,,,,,,-0.001860,-0.047582,-0.416356,0.007352,-0.028132,-0.174315,,,,,,,0.010707,-0.066363,-0.296465,0.008483,-0.033347,-0.027529,,,,,,
72,2.400000,-0.163387,0.418306,1,0,0.398384,0.351564,-0.711299,0.079724,0.047468,0.193302,0.999869,0.999869,0,-0.000255,-0.002726,-0.007177,0.000049,0.004290,0.000060,0.334508,,,0.308748,,,0.192349,,,0.246966,,,1.044891,,,0.964425,,,0.783296,,,1.005712,,,0.320137,0.245563,0,0,0,3.238260,6.000000,-0.000735,-0.088544,-0.018325,-0.000149,0.131961,0.206215,0.002604,-0.075557,-0.229965,-0.001715,0.141401,-0.013956,0.003054,-0.064667,-0.229844,-0.001931,0.117209,-0.011754,0.003415,-0.053383,-0.229332,-0.002033,0.098344,-0.006848,0.001069,-0.090937,-0.196095,-0.000802,0.200097,0.196997,0.001329,-0.091080,-0.195941,-0.001437,0.213144,0.199093,0.000821,-0.088676,-0.196631,-0.001938,0.228345,0.199057,-0.005714,-0.076118,-0.241708,0.002128,0.103590,-0.149209,-0.009611,-0.087461,-0.188890,0.000818,0.153824,0.152800,0.088704,0.034078,0.304110,-0.008272,0.033753,0.422530,-0.030228,-0.022478,0.486704,0.043261,0.045888,0.722962,0.056714,0.080144,-0.037708,0.002076,-0.015200,0.029628,,,,,,,0.046312,-0.002865,-0.373324,0.015432,0.004917,-0.023324,,,,,,,0.004395,0.000994,-0.604577,0.002802,0.044882,-0.055248,,,,,,,0.000389,-0.016420,-0.650661,0.002249,0.031162,-0.234305,,,,,,,0.023322,-0.028549,-0.413666,0.012615,0.037814,-0.117201,,,,,,
73,2.433333,-0.177516,0.411242,1,0,0.398802,0.351021,-0.706080,0.076606,0.046697,0.189518,0.999877,0.999877,0,0.000418,-0.000543,0.005219,0.000673,0.002184,0.012396,0.339708,,,0.307293,,,0.191136,,,0.245592,,,1.028189,,,0.930079,,,0.775713,,,0.996719,,,0.330395,0.246400,0,0,0,3.238260,6.000000,0.043247,-0.016083,-0.076037,0.043982,0.072461,-0.057712,0.026949,-0.050753,0.158426,0.024345,0.024804,0.388391,0.018216,-0.053954,0.159202,0.015162,0.010713,0.389046,0.011815,-0.054848,0.162079,0.008400,-0.001465,0.391411,0.043701,-0.038954,0.228390,0.042632,0.051983,0.424485,0.042860,-0.028236,0.228546,0.041531,0.062844,0.424487,0.043013,-0.018025,0.227673,0.042192,0.070651,0.424304,0.003059,-0.003782,0.106652,0.008773,0.072336,0.348360,0.022013,-0.028777,0.206442,0.031624,0.058684,0.395332,0.038670,0.041340,0.326231,-0.050034,0.007262,0.022121,0.021582,0.005304,-0.115194,0.051810,0.027782,-0.601898,0.097007,0.066991,-0.007093,0.040293,-0.013153,0.030615,,,,,,,0.017049,-0.035731,-0.090260,-0.029263,-0.032866,0.283064,,,,,,,0.007590,-0.057786,-0.085988,0.003195,-0.058780,0.518589,,,,,,,-0.000916,-0.050252,-0.058240,-0.001305,-0.033832,0.592421,,,,,,,0.011242,-0.058622,-0.083785,-0.012080,-0.030073,0.329881,,,,,,
74,2.466667,-0.186773,0.406614,1,0,0.399166,0.350816,-0.699968,0.075452,0.046242,0.187288,0.999884,0.999884,0,0.000364,-0.000206,0.006112,-0.000054,0.000337,0.000893,0.343906,,,0.308051,,,0.190322,,,0.244742,,,1.021504,,,0.915002,,,0.770832,,,0.991243,,,0.336667,0.246904,0,0,0,3.238260,6.000000,0.023502,-0.006588,0.086378,-0.019745,0.009495,0.162415,0.013753,-0.026808,0.189207,-0.013196,0.023945,0.030781,0.009592,-0.032009,0.189316,-0.008624,0.021945,0.030114,0.006495,-0.035500,0.190387,-0.005320,0.019348,0.028308,0.021271,-0.008520,0.209025,-0.022430,0.030434,-0.019365,0.020776,0.000587,0.208842,-0.022084,0.028823,-0.019704,0.019636,0.010770,0.208393,-0.023377,0.028795,-0.019280,0.004576,-0.002799,0.166771,0.001517,0.000983,0.060119,0.017260,-0.009536,0.199959,-0.004753,0.019241,-0.006483,0.023815,0.030096,0.262080,-0.014855,-0.011244,-0.064151,0.010126,0.022431,-0.000861,-0.011456,0.017127,0.114333,0.045200,0.041975,0.091021,-0.051807,-0.025016,0.098114,,,,,,,0.013799,-0.025349,0.010863,-0.003250,0.010382,0.101123,,,,,,,0.008019,-0.036562,0.042168,0.000429,0.021224,0.128156,,,,,,,0.000018,-0.028426,0.015151,0.000934,0.021826,0.073391,,,,,,,0.011744,-0.032957,0.016485,0.000502,0.025665,0.100270,,,,,,
75,2.500000,-0.183441,0.408280,1,0,0.399699,0.340854,-0.713018,0.075240,0.045334,0.183891,0.999891,0.999891,0,0.000532,-0.009962,-0.013050,0.000168,-0.009756,-0.019162,0.403455,,,0.347413,,,0.198805,,,0.252315,,,1.166644,,,1.004591,,,0.806425,,,1.023479,,,0.345825,0.246527,0,0,0,3.238260,6.000000,0.011779,-0.257818,-0.778148,-0.011723,-0.251230,-0.864526,0.003794,-0.196422,-0.425361,-0.009959,-0.169614,-0.614568,0.001253,-0.200412,-0.428302,-0.008339,-0.168403,-0.617618,0.000229,-0.217071,-0.428624,-0.006266,-0.181571,-0.619011,0.019530,-0.202868,-0.437574,-0.001741,-0.194348,-0.646599,0.031913,-0.200029,-0.439153,0.011137,-0.200616,-0.647995,0.051714,-0.202117,-0.444031,0.032078,-0.212887,-0.652424,0.004347,-0.285593,-0.385056,-0.000229,-0.282794,-0.551827,0.027643,-0.312082,-0.397934,0.010383,-0.302546,-0.597893,-0.002611,-0.029708,0.395394,-0.026426,-0.059804,0.133314,0.021291,-0.078912,-0.014294,0.011165,-0.101343,-0.013433,-0.011102,-0.003614,0.037078,-0.056302,-0.045589,-0.053943,,,,,,,-0.005089,-0.017231,-1.733714,-0.018888,0.008118,-1.744577,,,,,,,-0.013736,-0.011226,-2.029839,-0.021755,0.025336,-2.072007,,,,,,,-0.039242,-0.019392,-2.330430,-0.039260,0.009034,-2.345581,,,,,,,0.002311,-0.027156,-1.908141,-0.009433,0.005801,-1.924626,,,,,,
76,2.533333,-0.182820,0.408590,1,0,0.399989,0.335828,-0.716483,0.074912,0.044799,0.182164,0.999896,0.999896,0,0.000291,-0.005026,-0.003464,-0.000242,0.004936,0.009586,0.415487,,,0.356094,,,0.202978,,,0.256327,,,1.201107,,,1.029412,,,0.825363,,,1.042296,,,0.345920,0.245926,0,0,0,3.238260,6.000000,0.005827,-0.139845,-0.196679,-0.005952,0.117973,0.581469,0.000580,-0.109708,-0.120404,-0.003214,0.086714,0.304957,-0.000021,-0.112116,-0.121697,-0.001274,0.088296,0.306605,-0.000641,-0.119524,-0.121863,-0.000870,0.097547,0.306761,0.009011,-0.106804,-0.120297,-0.010519,0.096064,0.317277,0.015112,-0.101793,-0.120978,-0.016801,0.098236,0.318175,0.023162,-0.097619,-0.122824,-0.028552,0.104498,0.321207,0.001274,-0.146164,-0.104095,-0.003073,0.139429,0.280961,0.016154,-0.155367,-0.103784,-0.011489,0.156715,0.294150,-0.004270,-0.034145,0.143324,-0.001659,-0.004437,-0.252070,0.013693,-0.031638,0.121026,-0.007598,0.047274,0.135320,-0.007105,-0.003396,-0.032187,0.003997,0.000218,-0.069265,,,,,,,-0.000620,-0.019709,-0.449138,0.004469,-0.002478,1.284576,,,,,,,-0.004138,-0.010849,-0.469741,0.009598,0.000377,1.560098,,,,,,,-0.018127,-0.014412,-0.447704,0.021115,0.004980,1.882726,,,,,,,0.001650,-0.021030,-0.446000,-0.000661,0.006126,1.462141,,,,,,
77,2.566667,-0.175223,0.412388,1,0,0.399887,0.335402,-0.698996,0.072499,0.044673,0.180842,0.999899,0.999899,0,-0.000102,-0.000426,0.017487,-0.000393,0.004599,0.020952,0.442741,,,0.379268,,,0.202273,,,0.255397,,,1.384254,,,1.185801,,,0.818828,,,1.033881,,,0.319841,0.247027,0,0,0,3.238260,6.000000,-0.010032,0.000334,0.581633,-0.015859,0.140179,0.778312,-0.002702,-0.013458,0.509387,-0.003282,0.096250,0.629791,-0.002800,-0.011600,0.509237,-0.002779,0.100516,0.630934,-0.003029,-0.008789,0.508330,-0.002388,0.110735,0.630193,-0.003744,-0.012404,0.577810,-0.012755,0.094400,0.698107,-0.002154,-0.018725,0.579556,-0.017266,0.083068,0.700534,-0.001211,-0.027620,0.581628,-0.024373,0.069999,0.704452,-0.005482,-0.016239,0.480523,-0.006756,0.129925,0.584618,-0.000649,-0.009355,0.568716,-0.016803,0.146012,0.672500,0.011074,-0.005273,0.124135,0.015344,0.028872,-0.019189,0.008868,-0.127475,1.327374,-0.004825,-0.095837,1.206348,0.007469,-0.003871,-0.233324,0.014574,-0.000475,-0.201137,,,,,,,-0.035639,-0.024356,-0.380158,-0.035019,-0.004647,0.068980,,,,,,,-0.034583,-0.022693,-0.412495,-0.030445,-0.011844,0.057246,,,,,,,-0.058260,-0.020739,-0.414459,-0.040133,-0.006327,0.033245,,,,,,,-0.017553,-0.022477,-0.370617,-0.019203,-0.001447,0.075383,,,,,,
78,2.600000,-0.173723,0.413139,1,0,0.399887,0.334639,-0.694770,0.072713,0.044558,0.180090,0.999902,0.999902,0,0.000000,-0.000763,0.004226,0.000102,-0.000337,-0.013261,0.451840,,,0.388175,,,0.202224,,,0.254964,,,1.407106,,,1.208843,,,0.817328,,,1.030490,,,0.321113,0.247420,0,0,0,3.238260,6.000000,-0.001950,-0.008383,0.189414,0.008082,-0.008717,-0.392219,-0.000474,-0.009670,0.134300,0.002228,0.003788,-0.375087,-0.000942,-0.010060,0.134386,0.001858,0.001540,-0.374851,-0.001490,-0.009911,0.134295,0.001539,-0.001122,-0.374035,-0.000162,-0.006454,0.123578,0.003582,0.005950,-0.454232,0.000123,-0.009171,0.124018,0.002277,0.009554,-0.455538,0.000536,-0.013844,0.124598,0.001747,0.013776,-0.457030,-0.001479,-0.021122,0.132211,0.004003,-0.004883,-0.348312,0.001475,-0.024688,0.121379,0.002124,-0.015333,-0.447337,0.008272,-0.016966,0.083178,-0.002802,-0.011693,-0.040957,0.006415,-0.054844,0.037470,-0.002453,0.072631,-1.289904,0.013290,-0.002730,-0.024437,0.005821,0.001141,0.208887,,,,,,,-0.012926,-0.021964,-0.112249,0.022713,0.002392,0.267909,,,,,,,-0.013753,-0.018062,-0.137687,0.020830,0.004631,0.274808,,,,,,,-0.026359,-0.018005,-0.179983,0.031901,0.002734,0.234476,,,,,,,-0.006609,-0.021082,-0.131664,0.010944,0.001395,0.238953,,,,,,
79,2.633333,-0.175822,0.412089,1,0,0.400130,0.334116,-0.651304,0.072237,0.044273,0.178787,0.999906,0.999906,0,0.000243,-0.000523,0.043466,0.000243,0.000241,0.039239,0.468073,,,0.409297,,,0.202071,,,0.254548,,,1.447186,,,1.265463,,,0.816028,,,1.027950,,,0.323437,0.247627,0,0,0,3.238260,6.000000,0.001193,-0.006220,1.593965,0.003143,0.002163,1.404551,-0.000176,-0.009883,1.484041,0.000298,-0.000213,1.349741,-0.001955,-0.007421,1.486160,-0.001013,0.002639,1.351774,-0.005235,-0.003573,1.487362,-0.003745,0.006338,1.353067,0.000511,-0.003480,1.483514,0.000673,0.002974,1.359936,0.001117,0.003068,1.484227,0.000994,0.012239,1.360209,0.002781,0.010888,1.484908,0.002245,0.024732,1.360310,0.001482,-0.024893,1.298237,0.002961,-0.003771,1.166026,0.013088,-0.006462,1.309665,0.011613,0.018226,1.188286,0.035389,-0.002516,0.388672,0.027117,0.014450,0.305494,0.003885,0.090934,0.287284,-0.002530,0.145778,0.249814,0.049150,-0.001202,0.424955,0.035860,0.001528,0.449392,,,,,,,-0.003782,-0.071447,0.780721,0.009144,-0.049483,0.892970,,,,,,,-0.002980,-0.007222,0.595987,0.010773,0.010840,0.733674,,,,,,,0.000012,-0.018645,0.759534,0.026371,-0.000640,0.939517,,,,,,,0.000673,-0.020260,0.813231,0.007282,0.000822,0.944895,,,,,,
80,2.666667,-0.174534,0.412733,1,0,0.400088,0.334244,-0.643066,0.071268,0.044255,0.177805,0.999909,0.999909,0,-0.000042,0.000128,0.008238,-0.000285,0.000650,-0.035227,0.465332,,,0.407001,,,0.201402,,,0.253717,,,1.445386,,,1.264202,,,0.809176,,,1.019363,,,0.321943,0.248898,0,0,0,3.238260,6.000000,-0.004850,0.008677,0.260507,-0.006043,0.014897,-1.333458,-0.003149,-0.001137,0.213858,-0.002973,0.008746,-1.270183,-0.005518,0.000282,0.214210,-0.003563,0.007703,-1.271950,-0.008194,0.002567,0.214001,-0.002959,0.006140,-1.273361,-0.001456,0.000667,0.239357,-0.001967,0.004147,-1.244157,-0.000638,0.000810,0.239618,-0.001755,-0.002258,-1.244609,-0.000183,0.001460,0.239888,-0.002964,-0.009428,-1.245020,-0.002529,-0.001988,0.228894,-0.004011,0.022905,-1.069343,-0.000005,0.009627,0.265406,-0.013093,0.016089,-1.044259,0.052843,-0.004694,0.055254,0.017454,-0.002178,-0.333418,0.006378,0.022721,0.171290,0.002493,-0.068213,-0.115994,0.018431,-0.002475,0.017640,-0.030719,-0.001273,-0.407315,,,,,,,-0.001371,-0.032827,0.122083,0.002411,0.038620,-0.658638,,,,,,,-0.000598,-0.020521,0.320925,0.002382,-0.013299,-0.275062,,,,,,,0.000890,-0.017327,0.328710,0.000878,0.001318,-0.430824,,,,,,,0.004273,-0.020156,0.141901,0.003600,0.000104,-0.671330,,,,,,
81,2.700000,-0.163874,0.418063,1,0,0.399993,0.334464,-0.649779,0.071441,0.044280,0.177878,0.999913,0.999913,0,-0.000094,0.000220,-0.006713,-0.000053,0.000093,-0.014951,0.466173,,,0.406381,,,0.200532,,,0.253033,,,1.451564,,,1.265383,,,0.805558,,,1.016457,,,0.321152,0.248936,0,0,0,3.238260,6.000000,-0.016277,0.002807,-0.249254,-0.011427,-0.005870,-0.509761,-0.006166,-0.009252,-0.263397,-0.003017,-0.008115,-0.477255,-0.008362,-0.014386,-0.264001,-0.002844,-0.014668,-0.478211,-0.010617,-0.016656,-0.264140,-0.002423,-0.019223,-0.478141,-0.004730,0.007918,-0.269321,-0.003274,0.007251,-0.508678,-0.002523,0.010411,-0.268784,-0.001885,0.009601,-0.508402,-0.000592,0.012495,-0.269001,-0.000409,0.011035,-0.508889,-0.003758,-0.000495,-0.198371,-0.001229,0.001493,-0.427265,-0.001918,0.013738,-0.204393,-0.001913,0.004111,-0.469799,0.025539,-0.066145,-0.004924,-0.027304,-0.061451,-0.060178,0.003846,0.016103,0.033968,-0.002532,-0.006618,-0.137322,-0.001037,-0.001300,0.011135,-0.019468,0.001175,-0.006505,,,,,,,-0.015589,-0.021697,-0.128580,-0.014218,0.011130,-0.250663,,,,,,,-0.014141,-0.015457,-0.162699,-0.013543,0.005064,-0.483624,,,,,,,-0.006331,-0.019373,-0.241821,-0.007221,-0.002046,-0.570531,,,,,,,-0.001373,-0.019974,-0.165716,-0.005646,0.000182,-0.307617,,,,,,
82,2.733333,-0.155125,0.422437,1,0,0.399888,0.334662,-0.648352,0.072084,0.044292,0.178124,0.999916,0.999916,0,-0.000105,0.000198,0.001426,-0.000011,-0.000023,0.008139,0.462745,,,0.403606,,,0.199792,,,0.252355,,,1.421967,,,1.240238,,,0.803486,,,1.014878,,,0.325426,0.248656,0,0,0,3.238260,6.000000,-0.014534,0.005068,0.055849,0.001743,0.002261,0.305103,-0.006540,-0.005286,0.050468,-0.000374,0.003966,0.313865,-0.007810,-0.009401,0.050590,0.000552,0.004985,0.314591,-0.009119,-0.011274,0.050839,0.001498,0.005382,0.314979,-0.005773,0.006656,0.030475,-0.001043,-0.001262,0.299796,-0.003776,0.008000,0.030861,-0.001253,-0.002411,0.299645,-0.001980,0.008289,0.030606,-0.001388,-0.004206,0.299607,-0.003677,0.002199,0.054941,0.000081,0.002694,0.253312,-0.002605,0.009658,0.030667,-0.000687,-0.004080,0.235060,0.006249,-0.041869,0.119306,-0.019290,0.024276,0.124230,0.003867,0.003954,-0.091628,0.000021,-0.012149,-0.125596,0.002369,-0.003480,0.192566,0.003406,-0.002180,0.181431,,,,,,,-0.008007,-0.021999,0.100130,0.007582,-0.000302,0.228710,,,,,,,-0.004368,-0.015174,0.146048,0.009773,0.000283,0.308747,,,,,,,-0.001299,-0.017404,0.146163,0.005032,0.001969,0.387984,,,,,,,0.000097,-0.018759,0.106094,0.001470,0.001215,0.271810,,,,,,
83,2.766667,-0.135196,0.432402,1,0,0.399411,0.332630,-0.695080,0.068926,0.044538,0.179930,0.999918,0.999918,0,-0.000477,-0.002032,-0.046728,-0.000372,-0.002229,-0.048155,0.429046,,,0.370686,,,0.201355,,,0.255150,,,1.379356,,,1.191732,,,0.813451,,,1.030778,,,0.311048,0.247531,0,0,0,3.238260,6.000000,-0.031481,-0.093994,-1.628498,-0.016947,-0.099062,-1.684347,-0.009652,-0.180886,-1.551433,-0.003112,-0.175600,-1.601901,-0.003000,-0.198060,-1.551418,0.004810,-0.188659,-1.602008,-0.000378,-0.201858,-1.551391,0.008741,-0.190584,-1.602230,-0.025154,-0.114983,-1.448075,-0.019381,-0.121639,-1.478550,-0.022732,-0.091671,-1.447946,-0.018956,-0.099671,-1.478807,-0.020593,-0.062706,-1.447240,-0.018613,-0.070995,-1.477846,-0.010492,-0.060760,-1.465917,-0.006815,-0.062959,-1.520858,-0.018131,-0.061173,-1.337820,-0.015526,-0.070831,-1.368487,0.006300,-0.114854,-0.849352,0.000051,-0.072985,-0.968658,0.026984,-0.054978,-0.202113,0.023117,-0.058932,-0.110485,-0.002023,-0.003415,-0.601189,-0.004392,0.000065,-0.793755,,,,,,,-0.033259,-0.000181,-0.185768,-0.025252,0.021818,-0.285898,,,,,,,-0.027292,-0.005836,-0.160557,-0.022924,0.009338,-0.306605,,,,,,,-0.024193,-0.010325,-0.245966,-0.022894,0.007079,-0.392129,,,,,,,-0.020834,-0.008841,-0.217636,-0.020931,0.009918,-0.323730,,,,,,
84,2.800000,-0.120389,0.439806,1,0,0.398961,0.331610,-0.708298,0.068943,0.044629,0.180212,0.999922,0.999922,0,-0.000450,-0.001020,-0.013217,0.000027,0.001012,0.033511,0.439974,,,0.378967,,,0.201661,,,0.255414,,,1.429305,,,1.231116,,,0.814302,,,1.031355,,,0.307824,0.247649,0,0,0,3.238260,6.000000,-0.022808,-0.028375,-0.429790,0.008673,0.065619,1.198708,-0.007884,-0.049814,-0.415474,0.001768,0.131072,1.135959,-0.003692,-0.052080,-0.415993,-0.000692,0.145980,1.135425,-0.001262,-0.051062,-0.416268,-0.000884,0.150796,1.135123,-0.014533,-0.035132,-0.412551,0.010621,0.079851,1.035524,-0.013684,-0.030515,-0.412382,0.009048,0.061156,1.035564,-0.013267,-0.023760,-0.412425,0.007326,0.038946,1.034815,-0.011513,-0.027386,-0.397307,-0.001021,0.033374,1.068610,-0.015483,-0.033799,-0.395706,0.002648,0.027374,0.942114,0.010468,-0.068967,-0.332857,0.004168,0.045887,0.516495,0.001217,-0.044253,-0.166874,-0.025767,0.010725,0.035239,-0.001630,-0.005203,-0.410204,0.000393,-0.001788,0.190985,,,,,,,-0.011865,-0.011945,-0.612828,0.021394,-0.011764,-0.427060,,,,,,,-0.011508,0.000041,-0.694438,0.015784,0.005877,-0.533881,,,,,,,-0.007035,-0.022724,-0.761762,0.017158,-0.012399,-0.515796,,,,,,,-0.006363,-0.029265,-0.641754,0.014471,-0.020424,-0.424118,,,,,,
85,2.833333,-0.117383,0.441308,1,0,0.398853,0.330866,-0.748409,0.071459,0.044539,0.181475,0.999923,0.999923,0,-0.000108,-0.000744,-0.040112,0.000342,0.000276,-0.026895,0.437706,,,0.374989,,,0.201971,,,0.256680,,,1.350486,,,1.156981,,,0.822944,,,1.045860,,,0.324110,0.245425,0,0,0,3.238260,6.000000,-0.004666,-0.048845,-1.319686,0.018142,-0.020470,-0.889896,-0.002556,-0.047376,-1.285590,0.005328,0.002438,-0.870116,-0.003159,-0.052045,-1.285132,0.000533,0.000035,-0.869139,-0.003014,-0.057428,-1.285406,-0.001752,-0.006366,-0.869138,-0.000354,-0.025340,-1.370936,0.014179,0.009792,-0.958385,-0.000183,-0.017834,-1.372969,0.013501,0.012681,-0.960587,-0.000117,-0.013244,-1.373540,0.013150,0.010516,-0.961115,-0.004979,-0.024230,-1.153386,0.006534,0.003156,-0.756079,-0.001485,-0.020440,-1.253325,0.013998,0.013359,-0.857619,-0.000482,-0.089335,-0.243745,-0.010950,-0.020368,0.089112,0.054761,-0.030421,-1.109725,0.053544,0.013832,-0.942851,-0.001079,-0.010305,-0.164096,0.000551,-0.005102,0.246108,,,,,,,-0.011017,-0.007138,-0.930144,0.000848,0.004807,-0.317316,,,,,,,-0.020022,-0.006398,-0.948658,-0.008514,-0.006439,-0.254220,,,,,,,-0.026171,-0.007269,-1.121907,-0.019136,0.015455,-0.360145,,,,,,,-0.016306,-0.010949,-1.026009,-0.009943,0.018316,-0.384255,,,,,,
86,2.866667,-0.116088,0.441956,1,0,0.398799,0.328595,-0.751450,0.071382,0.044321,0.181701,0.999923,0.999923,0,-0.000054,-0.002271,-0.003041,0.000054,-0.001527,0.037071,0.445255,,,0.381670,,,0.203807,,,0.259433,,,1.384537,,,1.186816,,,0.835534,,,1.063581,,,0.321591,0.243924,0,0,0,3.238260,6.000000,-0.000840,-0.092804,-0.120655,0.003826,-0.043959,1.199031,-0.000166,-0.068087,-0.120081,0.002390,-0.020711,1.165509,-0.000278,-0.069110,-0.120882,0.002881,-0.017065,1.164250,-0.000275,-0.072058,-0.121500,0.002739,-0.014630,1.163906,0.000477,-0.063099,-0.116723,0.000831,-0.037759,1.254213,0.000901,-0.060662,-0.116585,0.001084,-0.042828,1.256384,0.002321,-0.061745,-0.116796,0.002438,-0.048501,1.256744,-0.002957,-0.057218,-0.090097,0.002022,-0.032988,1.063289,-0.000321,-0.079012,-0.092350,0.001164,-0.058572,1.160975,0.005427,-0.123475,-0.068910,0.005909,-0.034140,0.174835,0.055280,-0.140356,-0.005418,0.000519,-0.109935,1.104307,0.000337,-0.010899,-0.172007,0.001416,-0.000594,-0.007911,,,,,,,-0.008199,-0.010028,-0.272638,0.002818,-0.002890,0.657506,,,,,,,-0.026901,0.004100,-0.258447,-0.006879,0.010498,0.690211,,,,,,,-0.027218,-0.005647,-0.317724,-0.001047,0.001622,0.804183,,,,,,,-0.016421,-0.011820,-0.280659,-0.000115,-0.000871,0.745350,,,,,,
87,2.900000,-0.135770,0.432115,1,0,0.398553,0.327735,-0.766831,0.074018,0.043963,0.181104,0.999921,0.999921,0,-0.000246,-0.000860,-0.015381,-0.000192,0.001411,-0.012341,0.448313,,,0.385581,,,0.203834,,,0.259988,,,1.309200,,,1.126005,,,0.839691,,,1.071016,,,0.342433,0.242749,0,0,0,3.238260,6.000000,-0.006909,-0.042520,-0.419987,-0.006069,0.050284,-0.299332,-0.036337,-0.034138,-0.384101,-0.036171,0.033949,-0.264020,-0.042801,-0.030131,-0.384412,-0.042523,0.038979,-0.263530,-0.044000,-0.029758,-0.384604,-0.043725,0.042300,-0.263104,-0.007863,-0.037642,-0.474157,-0.008340,0.025457,-0.357434,-0.005121,-0.028241,-0.476359,-0.006022,0.032421,-0.359774,-0.005821,-0.018592,-0.478315,-0.008142,0.043153,-0.361519,-0.013517,-0.029529,-0.407537,-0.010560,0.027689,-0.317440,-0.001260,-0.022085,-0.515299,-0.000939,0.056927,-0.422949,-0.008400,-0.027992,0.018936,-0.013827,0.095483,0.087846,0.004043,0.081404,-0.939473,-0.051237,0.221760,-0.934055,-0.031671,-0.008792,0.044290,-0.032008,0.002107,0.216297,,,,,,,-0.000857,-0.016295,-0.384010,0.007342,-0.006267,-0.111372,,,,,,,-0.000246,-0.028026,-0.517073,0.026655,-0.032126,-0.258626,,,,,,,0.000342,-0.026736,-0.564104,0.027560,-0.021089,-0.246380,,,,,,,0.000327,-0.029261,-0.435652,0.016748,-0.017441,-0.154993,,,,,,
88,2.933333,-0.148287,0.425856,1,0,0.398474,0.327412,-0.771147,0.074548,0.043841,0.181501,0.999919,0.999919,0,-0.000079,-0.000323,-0.004316,0.000167,0.000537,0.011065,0.437475,,,0.377786,,,0.203382,,,0.259702,,,1.243695,,,1.074007,,,0.841992,,,1.075153,,,0.351754,0.241549,0,0,0,3.238260,6.000000,-0.003130,-0.015541,-0.081682,0.003779,0.026979,0.338305,-0.020148,-0.016024,-0.115296,0.016189,0.018114,0.268805,-0.022836,-0.013912,-0.115165,0.019965,0.016219,0.269247,-0.023027,-0.013993,-0.115605,0.020973,0.015765,0.268999,-0.005774,-0.017043,-0.134082,0.002089,0.020599,0.340075,-0.004832,-0.011346,-0.134504,0.000289,0.016895,0.341855,-0.006753,-0.005736,-0.134686,-0.000932,0.012856,0.343629,-0.004616,-0.011848,-0.118302,0.008901,0.017681,0.289235,-0.000114,-0.007500,-0.140668,0.001146,0.014585,0.374631,-0.010861,-0.006223,-0.063868,-0.002461,0.021769,-0.082804,0.008541,0.079435,-0.489344,0.004498,-0.001969,0.450129,-0.023687,-0.004651,-0.005939,0.007984,0.004141,-0.050229,,,,,,,-0.000715,-0.016474,0.143745,0.000142,-0.000179,0.527755,,,,,,,0.000188,-0.025901,0.164473,0.000434,0.002125,0.681546,,,,,,,0.005587,-0.025447,0.229644,0.005245,0.001289,0.793748,,,,,,,0.000853,-0.025678,0.170377,0.000526,0.003583,0.606029,,,,,,
89,2.966667,-0.177783,0.411109,1,0,0.398337,0.321180,-0.772146,0.072839,0.043629,0.182139,0.999919,0.999919,0,-0.000137,-0.006233,-0.000999,-0.000058,-0.005910,0.003317,0.455219,,,0.394456,,,0.208078,,,0.266307,,,1.292609,,,1.120070,,,0.868658,,,1.111748,,,0.352170,0.239539,0,0,0,3.238260,6.000000,-0.010505,-0.242071,-0.057925,-0.007375,-0.226530,0.023757,-0.056840,-0.122725,-0.064257,-0.036692,-0.106701,0.051039,-0.060368,-0.123248,-0.064335,-0.037532,-0.109336,0.050830,-0.059103,-0.126705,-0.063633,-0.036076,-0.112712,0.051972,-0.014499,-0.122729,-0.024093,-0.008725,-0.105686,0.109989,-0.007381,-0.113243,-0.023523,-0.002549,-0.101897,0.110981,-0.005850,-0.100369,-0.024058,0.000903,-0.094633,0.110628,-0.009191,-0.196609,-0.059470,-0.004575,-0.184761,0.058832,0.000985,-0.177331,-0.000467,0.001099,-0.169831,0.140201,0.055041,-0.147781,-0.022504,0.065902,-0.141558,0.041364,0.091019,-0.012869,-0.096051,0.082478,-0.092304,0.393293,-0.000066,-0.002013,-0.132768,0.023621,0.002638,-0.126829,,,,,,,0.000284,-0.029722,-0.455503,0.000999,-0.013248,-0.599248,,,,,,,0.000168,-0.033090,-0.464458,-0.000020,-0.007189,-0.628931,,,,,,,0.000834,-0.043547,-0.556648,-0.004753,-0.018100,-0.786292,,,,,,,0.003397,-0.097262,-0.490479,0.002544,-0.071584,-0.660856,,,,,,
90,3.000000,-0.186055,0.406973,1,0,0.398511,0.318580,-0.782750,0.073132,0.043125,0.180178,0.999920,0.999920,0,0.000174,-0.002600,-0.010604,0.000311,0.003633,-0.009605,0.447729,,,0.389082,,,0.209807,,,0.269283,,,1.252155,,,1.088136,,,0.876575,,,1.125066,,,0.357567,0.239348,0,0,0,3.238260,6.000000,-0.000045,-0.113821,-0.342069,0.010460,0.128250,-0.284144,-0.012420,-0.065482,-0.328385,0.044420,0.057243,-0.264128,-0.012991,-0.062392,-0.328140,0.047377,0.060856,-0.263805,-0.012108,-0.061145,-0.328462,0.046995,0.065560,-0.264829,-0.001447,-0.072633,-0.340869,0.013052,0.050096,-0.316776,-0.000207,-0.070906,-0.341057,0.007174,0.042337,-0.317534,-0.000142,-0.067970,-0.340911,0.005708,0.032399,-0.316853,-0.000127,-0.065732,-0.307084,0.009064,0.130877,-0.247614,0.010575,-0.090240,-0.329166,0.009590,0.087091,-0.328699,0.025110,-0.007666,-0.132331,-0.029931,0.140115,-0.109827,0.034719,-0.028644,-0.356944,-0.056300,-0.015775,-0.260893,0.000154,0.007235,-0.153887,0.000220,0.009248,-0.021119,,,,,,,0.000353,-0.008081,-0.059445,0.000069,0.021641,0.396058,,,,,,,0.001277,-0.026527,-0.070446,0.001109,0.006563,0.394012,,,,,,,0.001051,-0.023866,-0.037587,0.000217,0.019681,0.519061,,,,,,,0.000772,-0.047541,-0.039718,-0.002625,0.049721,0.450761,,,,,,
91,3.033333,-0.188361,0.405820,1,0,0.399386,0.316663,-0.850540,0.070161,0.043375,0.180496,0.999921,0.999921,0,0.000875,-0.001917,-0.067790,0.000701,0.000683,-0.057185,0.422303,0.444295,0.318529,0.367228,0.468664,,0.211863,0.402073,0.265308,0.272449,0.463414,,1.251689,1.316874,0.944108,1.088449,1.389101,,0.881619,1.673132,1.104017,1.133734,1.928387,,0.337386,0.240312,0,0,0,3.238260,6.000000,0.002566,-0.087573,-2.165664,0.002611,0.026248,-1.823595,0.000354,-0.093185,-2.177861,0.012774,-0.027703,-1.849476,0.001380,-0.110493,-2.177505,0.014371,-0.048101,-1.849365,0.004027,-0.128889,-2.178773,0.016135,-0.067744,-1.850311,-0.004097,-0.051380,-2.083903,-0.002650,0.021253,-1.743034,-0.001360,-0.039333,-2.084745,-0.001153,0.031573,-1.743688,0.000249,-0.027906,-2.083594,0.000391,0.040064,-1.742683,0.027522,-0.070720,-2.092434,0.027649,-0.004988,-1.785350,0.024992,-0.044304,-1.974941,0.014417,0.045936,-1.645775,0.118866,-0.010293,-1.822161,0.093756,-0.002627,-1.689830,0.087201,0.002342,-0.957188,0.052482,0.030986,-0.600244,-0.000119,0.002886,-1.477428,-0.000273,-0.004349,-1.323541,,,,,,,0.004057,0.026239,-1.124282,0.003704,0.034320,-1.064837,,,,,,,0.002148,0.021075,-1.120369,0.000871,0.047602,-1.049923,,,,,,,0.034099,0.003973,-1.127229,0.033048,0.027839,-1.089642,,,,,,,0.013413,0.028442,-1.101909,0.012641,0.075983,-1.062191,,,,,,
92,3.066667,-0.193002,0.403499,1,0,0.400204,0.316678,-0.833913,0.071259,0.043531,0.182539,0.999921,0.999921,0,0.000818,0.000015,0.016628,-0.000058,0.001932,0.084417,0.418907,,,0.366632,,,0.212293,,,0.273291,,,1.253939,,,1.097462,,,0.890221,,,1.146004,,,0.334073,0.238473,0,0,0,3.238260,6.000000,0.007716,-0.007863,0.569547,0.005150,0.079710,2.735211,0.002276,-0.035747,0.529890,0.001922,0.057438,2.707751,0.005558,-0.040108,0.530106,0.004178,0.070385,2.707611,0.008836,-0.044878,0.530217,0.004809,0.084011,2.708990,-0.000180,-0.018344,0.504665,0.003917,0.033036,2.588568,0.000019,-0.011971,0.504620,0.001379,0.027362,2.589365,0.001236,-0.005983,0.505838,0.000987,0.021923,2.589432,0.026278,-0.002557,0.517872,-0.001244,0.068163,2.610306,0.022759,0.003486,0.479761,-0.002233,0.047790,2.454702,0.005367,0.014818,0.228766,-0.113499,0.025111,2.050927,0.065470,-0.007464,0.314438,-0.021731,-0.009806,1.271626,-0.001849,-0.000669,0.473147,-0.001730,-0.003555,1.950575,,,,,,,-0.000100,0.031258,0.546094,-0.004157,0.005019,1.670376,,,,,,,-0.000683,0.024664,0.356644,-0.002831,0.003589,1.477013,,,,,,,0.005226,0.017974,0.624325,-0.028873,0.014001,1.751554,,,,,,,0.000299,0.048324,0.590168,-0.013114,0.019882,1.692077,,,,,,
93,3.100000,-0.197793,0.401104,1,0,0.401181,0.316869,-0.856366,0.068712,0.043631,0.180860,0.999921,0.999921,0,0.000977,0.000190,-0.022453,0.000160,0.000175,-0.039081,0.391852,0.419318,0.298487,0.346438,0.446428,,0.211919,0.382533,0.253328,0.272822,0.442945,,1.251034,1.338721,0.952954,1.106042,1.425271,,0.878451,1.585685,1.050101,1.130909,1.836108,,0.313223,0.241241,0,0,0,3.238260,6.000000,0.014145,0.012906,-0.654509,0.006429,0.020769,-1.224056,0.007289,0.005023,-0.776324,0.005013,0.040770,-1.306214,0.011746,0.006170,-0.775934,0.006188,0.046278,-1.306040,0.015939,0.007383,-0.776975,0.007103,0.052261,-1.307192,0.002329,0.004613,-0.693433,0.002509,0.022957,-1.198098,0.005489,0.004112,-0.693192,0.005470,0.016083,-1.197812,0.012867,0.002984,-0.692328,0.011631,0.008967,-1.198166,0.030979,0.006330,-0.723631,0.004701,0.008887,-1.241503,0.027669,0.005092,-0.623581,0.004910,0.001606,-1.103342,0.094654,-0.051150,-1.190806,0.089287,-0.065968,-1.419572,0.019016,-0.098507,-0.165486,-0.046454,-0.091043,-0.479924,-0.001864,-0.000610,-0.383804,-0.000015,0.000059,-0.856951,,,,,,,0.000618,0.012197,0.345297,0.000718,-0.019061,-0.200797,,,,,,,-0.000160,0.020317,0.231560,0.000523,-0.004347,-0.125084,,,,,,,-0.000793,0.000764,0.272180,-0.006019,-0.017210,-0.352145,,,,,,,0.000254,0.006566,0.308808,-0.000045,-0.041758,-0.281360,,,,,,
94,3.133333,-0.201034,0.399483,1,-1,0.401519,0.317057,-0.855265,0.068476,0.043879,0.180728,0.999922,0.999922,0,0.000338,0.000188,0.001101,-0.000639,-0.000002,0.023555,0.388661,0.407517,0.312246,0.343976,0.442585,,0.211938,0.381603,0.253152,0.272770,0.441775,,1.243164,1.303478,0.998745,1.100237,1.415647,,0.872920,1.571728,1.042669,1.123472,1.819562,,0.312638,0.242792,0,0,0,3.238260,6.000000,0.006647,0.009094,0.028952,-0.007498,-0.003812,0.683461,0.002680,0.001770,0.025919,-0.004609,-0.003253,0.802243,0.003732,0.002714,0.026076,-0.008014,-0.003456,0.802010,0.004721,0.004958,0.026668,-0.011218,-0.002425,0.803643,0.002106,0.012829,0.036097,-0.000223,0.008216,0.729530,0.003569,0.024282,0.036750,-0.001920,0.020170,0.729942,0.004966,0.038289,0.037286,-0.007901,0.035305,0.729614,0.013084,0.001507,0.025350,-0.017895,-0.004823,0.748981,0.007204,0.009779,0.040745,-0.020465,0.004687,0.664326,0.044003,-0.017145,-0.006734,-0.050651,0.034005,1.184072,-0.000141,-0.034082,0.077699,-0.019157,0.064425,0.243185,-0.005918,-0.000361,-0.110918,-0.004054,0.000249,0.272886,,,,,,,0.000533,0.003111,0.207692,-0.000085,-0.009086,-0.137605,,,,,,,-0.002006,0.014513,0.254688,-0.001846,-0.005804,0.023128,,,,,,,-0.000275,0.008476,0.147432,0.000518,0.007712,-0.124748,-0.027099,-0.043947,0.895368,0.027036,-0.073559,-0.608573,0.000210,0.022897,0.211666,-0.000044,0.016331,-0.097142,,,,,,
95,3.166667,-0.201643,0.399179,1,-1,0.401652,0.315993,-0.842207,0.067759,0.043792,0.179704,0.999923,0.999923,0,0.000133,-0.001065,0.013058,-0.000205,-0.001253,0.011956,0.395968,0.411802,0.316369,0.349496,0.446013,,0.212964,0.384856,0.254961,0.273784,0.445008,,1.245792,1.295608,0.995356,1.099581,1.403242,,0.873922,1.579298,1.046260,1.123501,1.826137,,0.317845,0.243688,0,0,0,3.238260,6.000000,0.003359,-0.030799,0.380899,-0.003288,-0.039893,0.351947,0.001275,0.001026,0.417039,-0.001405,-0.000744,0.391120,0.003073,0.004065,0.416792,-0.000659,0.001351,0.390716,0.005121,0.005401,0.417413,0.000400,0.000443,0.390745,0.000418,-0.006935,0.433965,-0.001688,-0.019764,0.397868,0.001738,-0.007567,0.434586,-0.001831,-0.031849,0.397836,0.004571,-0.008596,0.433958,-0.000395,-0.046885,0.396672,0.004195,-0.024427,0.378798,-0.008889,-0.025934,0.353448,0.003783,-0.039439,0.404670,-0.003421,-0.049218,0.363925,0.023580,-0.036356,0.394514,-0.020423,-0.019211,0.401248,0.006172,-0.087832,0.181579,0.006313,-0.053750,0.103880,-0.007895,-0.001341,0.104905,-0.001977,-0.000980,0.215823,,,,,,,0.000121,-0.000463,-0.031081,-0.000412,-0.003574,-0.238773,,,,,,,0.000067,0.004880,0.212592,0.002073,-0.009633,-0.042096,,,,,,,0.000366,0.000336,0.150779,0.000641,-0.008140,0.003347,-0.024354,0.062976,0.286294,0.002745,0.106923,-0.609074,0.001014,0.004774,-0.000254,0.000804,-0.018123,-0.211920,,,,,,
96,3.200000,-0.201248,0.399376,1,-1,0.401768,0.314154,-0.842414,0.066697,0.043580,0.178307,0.999923,0.999923,0,0.000116,-0.001839,-0.000207,-0.000017,-0.000774,-0.013265,0.405883,,,0.356125,,,0.214744,,,0.275388,,,1.268039,,,1.112590,,,0.878618,,,1.126746,,,0.320087,0.244411,0,0,0,3.238260,6.000000,0.002616,-0.048806,-0.067073,-0.000743,-0.018007,-0.447972,0.001433,-0.003677,-0.029395,0.000158,-0.004703,-0.446434,0.003038,0.000466,-0.029864,-0.000035,-0.003599,-0.446656,0.004939,0.002233,-0.029697,-0.000182,-0.003168,-0.447110,0.001093,-0.019661,-0.005125,0.000675,-0.012726,-0.439090,0.002840,-0.025092,-0.005051,0.001102,-0.017525,-0.439637,0.004523,-0.030422,-0.005579,-0.000048,-0.021826,-0.439537,0.003148,-0.039785,-0.024446,-0.001047,-0.015358,-0.403244,0.003812,-0.070539,0.012022,0.000029,-0.031100,-0.392648,0.017396,-0.046536,0.146640,-0.006184,-0.010180,-0.247874,0.003181,-0.086111,0.067918,-0.002991,0.001721,-0.113661,-0.007801,-0.001853,-0.015772,0.000094,-0.000512,-0.120677,,,,,,,-0.001902,-0.000114,-0.315413,-0.002023,0.000349,-0.284332,,,,,,,-0.001150,0.002857,-0.267581,-0.001217,-0.002023,-0.480173,,,,,,,0.000070,0.000120,-0.324165,-0.000296,-0.000216,-0.474944,,,,,,,0.000215,0.005727,-0.318689,-0.000799,0.000953,-0.318435,,,,,,
97,3.233333,-0.203148,0.398426,1,-1,0.402039,0.313947,-0.858607,0.068205,0.043546,0.178031,0.999924,0.999924,0,0.000271,-0.000207,-0.016193,0.000155,0.001631,-0.015986,0.391230,,,0.345922,,,0.214001,,,0.274357,,,1.247472,,,1.103004,,,0.874921,,,1.121677,,,0.313618,0.244595,0,0,0,3.238260,6.000000,0.004234,0.003240,-0.431854,0.001618,0.052046,-0.364781,0.001625,0.002698,-0.498406,0.000192,0.006375,-0.469011,0.002184,0.003580,-0.498111,-0.000854,0.003114,-0.468247,0.002175,0.003406,-0.498737,-0.002764,0.001173,-0.469040,0.001991,-0.003363,-0.549617,0.000898,0.016298,-0.544492,0.003431,-0.004725,-0.549173,0.000591,0.020367,-0.544122,0.004147,-0.004837,-0.548531,-0.000376,0.025585,-0.542952,0.007300,-0.008067,-0.455723,0.004152,0.031718,-0.431277,0.008978,-0.004382,-0.515851,0.005166,0.066157,-0.527873,-0.000888,-0.062343,-0.566281,-0.018284,-0.015807,-0.712921,-0.013589,-0.027125,-0.254395,-0.016770,0.058986,-0.322313,-0.018165,-0.001268,-0.318567,-0.010364,0.000585,-0.302795,,,,,,,-0.006309,-0.003186,-0.149363,-0.004407,-0.003072,0.166050,,,,,,,0.001246,-0.026407,-0.055597,0.002396,-0.029264,0.211984,,,,,,,0.002156,-0.027743,0.021476,0.002086,-0.027863,0.345641,,,,,,,0.000021,-0.008524,-0.101910,-0.000194,-0.014251,0.216779,,,,,,
98,3.266667,-0.202404,0.398798,1,-1,0.402123,0.313962,-0.851540,0.068518,0.043471,0.177483,0.999927,0.999927,0,0.000084,0.000015,0.007067,-0.000188,0.000223,0.023259,0.377415,,,0.336028,,,0.212214,,,0.272422,,,1.196888,,,1.065639,,,0.866427,,,1.112246,,,0.315330,0.244930,0,0,0,3.238260,6.000000,0.000194,0.004866,0.255345,-0.004040,0.001626,0.687199,0.000417,0.002258,0.256149,-0.001208,-0.000440,0.754555,0.000905,0.002861,0.256341,-0.001279,-0.000719,0.754452,0.001697,0.002741,0.256385,-0.000478,-0.000665,0.755122,0.000081,-0.000251,0.244879,-0.001910,0.003112,0.794496,0.000760,-0.000246,0.244414,-0.002671,0.004479,0.793587,0.001124,0.000522,0.244519,-0.003023,0.005359,0.793050,0.001608,0.001807,0.219020,-0.005692,0.009874,0.674743,0.003418,-0.000855,0.204996,-0.005560,0.003527,0.720847,-0.007115,-0.044296,0.132666,-0.006227,0.018047,0.698947,-0.026227,0.001849,0.063319,-0.012638,0.028974,0.317714,-0.010505,-0.002893,0.170858,0.007660,-0.001625,0.489425,,,,,,,-0.024863,-0.010505,0.448498,-0.018554,-0.007319,0.597861,,,,,,,-0.000718,-0.041231,0.546870,-0.001964,-0.014824,0.602467,,,,,,,-0.001782,-0.053426,0.674343,-0.003938,-0.025683,0.652867,,,,,,,-0.010940,-0.019398,0.522605,-0.010961,-0.010874,0.624515,,,,,,
99,3.300000,-0.201285,0.399358,1,-1,0.402124,0.314712,-0.910139,0.068685,0.043541,0.176112,0.999931,0.999931,0,0.000001,0.000750,-0.058600,-0.000083,0.000735,-0.065666,0.364340,,,0.324986,,,0.211289,,,0.270776,,,1.143919,,,1.020360,,,0.854603,,,1.095212,,,0.318502,0.247236,0,0,0,3.238260,6.000000,-0.000843,0.044488,-1.809865,-0.001037,0.039622,-2.065210,0.000215,0.032353,-1.861576,-0.000202,0.030095,-2.117725,0.000665,0.038824,-1.861462,-0.000240,0.035963,-2.117803,0.000453,0.044493,-1.862726,-0.001244,0.041752,-2.119111,-0.000375,0.018800,-1.861382,-0.000456,0.019051,-2.106261,0.000034,0.014302,-1.861820,-0.000726,0.014548,-2.106234,-0.000227,0.014551,-1.861070,-0.001351,0.014029,-2.105589,0.000188,0.017438,-1.755618,-0.001420,0.015631,-1.974638,-0.000103,0.027592,-1.760370,-0.003521,0.028447,-1.965366,0.011027,-0.031953,-1.232610,0.018142,0.012343,-1.365276,-0.079166,0.077965,-1.298324,-0.052939,0.076116,-1.361643,0.004026,-0.005177,-0.591583,0.014531,-0.002284,-0.762441,,,,,,,-0.002861,-0.014210,-1.044120,0.022002,-0.003705,-1.492618,,,,,,,0.000064,-0.013799,-1.223431,0.000782,0.027432,-1.770301,,,,,,,-0.004922,-0.004805,-1.299498,-0.003140,0.048621,-1.973841,,,,,,,-0.009038,-0.011015,-1.089102,0.001902,0.008383,-1.611707,,,,,,
100,3.333333,-0.201332,0.399334,1,-1,0.402122,0.315227,-0.913288,0.069656,0.043592,0.175037,0.999934,0.999934,0,-0.000003,0.000515,-0.003148,-0.000004,-0.000235,0.055451,0.354192,,,0.318954,,,0.210734,,,0.270028,,,1.090693,,,0.982180,,,0.846162,,,1.084246,,,0.324741,0.249047,0,0,0,3.238260,6.000000,0.000069,0.021583,-0.029107,0.000912,-0.022905,1.780758,0.000323,0.029381,-0.057746,0.000108,-0.002972,1.803830,0.000536,0.036191,-0.057294,-0.000129,-0.002633,1.804168,0.000478,0.041608,-0.057330,0.000025,-0.002885,1.805396,-0.000159,0.013967,-0.083638,0.000216,-0.004833,1.777744,-0.000082,0.009211,-0.083742,-0.000116,-0.005091,1.778078,-0.001620,0.007372,-0.083646,-0.001393,-0.007179,1.777424,0.000181,0.012733,-0.076321,-0.000007,-0.004705,1.679297,-0.000360,0.018160,-0.112563,-0.000257,-0.009432,1.647807,-0.003169,-0.042570,-0.176464,-0.014196,-0.010617,1.056146,-0.067859,0.014750,-0.404831,0.011307,-0.063215,0.893493,0.000509,-0.004694,0.086727,-0.003517,0.000483,0.678310,,,,,,,-0.002917,0.001863,0.250590,-0.000056,0.016073,1.294710,,,,,,,-0.000490,-0.002123,0.280366,-0.000554,0.011676,1.503797,,,,,,,-0.006833,-0.000122,0.269641,-0.001911,0.004683,1.569139,,,,,,,-0.010021,-0.001613,0.243623,-0.000983,0.009402,1.332725,,,,,,
101,3.366667,-0.207398,0.396301,1,-1,0.402809,0.315276,-0.898039,0.068796,0.043238,0.173960,0.999936,0.999936,0,0.000688,0.000049,0.015248,0.000691,-0.000466,0.018396,0.355507,,,0.320044,,,0.209961,,,0.268737,,,1.094430,,,0.985259,,,0.844747,,,1.081225,,,0.324833,0.248548,0,0,0,3.238260,6.000000,0.015554,0.017207,0.512999,0.015485,-0.004376,0.542106,0.003478,0.044021,0.508127,0.003155,0.014640,0.565873,0.001597,0.041771,0.508350,0.001061,0.005580,0.565644,0.000389,0.039871,0.508486,-0.000089,-0.001737,0.565816,0.012920,0.051599,0.523614,0.013079,0.037632,0.607252,0.022340,0.055052,0.523796,0.022422,0.045841,0.607538,0.031851,0.060413,0.523335,0.033471,0.053041,0.606981,0.015233,0.001573,0.445189,0.015052,-0.011160,0.521510,0.026029,0.001357,0.469708,0.026389,-0.016803,0.582271,-0.001894,-0.053080,0.151492,0.001275,-0.010510,0.327956,0.000487,0.027698,0.129395,0.068346,0.012948,0.534226,-0.005769,-0.024063,0.149612,-0.006278,-0.019369,0.062885,,,,,,,0.003795,-0.057998,0.255747,0.006712,-0.059861,0.005157,,,,,,,0.014475,-0.043865,0.300847,0.014965,-0.041742,0.020481,,,,,,,0.025021,-0.023185,0.391413,0.031854,-0.023063,0.121772,,,,,,,0.003723,-0.031031,0.295930,0.013744,-0.029418,0.052307,,,,,,
102,3.400000,-0.215169,0.392416,1,-1,0.403474,0.315330,-0.887402,0.068462,0.042848,0.172695,0.999939,0.999939,0,0.000664,0.000054,0.010637,-0.000024,0.000005,-0.004611,0.347854,,,0.314420,,,0.209851,,,0.268343,,,1.067726,,,0.965100,,,0.845793,,,1.081543,,,0.325790,0.248112,0,0,0,3.238260,6.000000,0.017700,0.010456,0.304581,0.002146,-0.006751,-0.208418,0.004992,0.035478,0.335537,0.001514,-0.008543,-0.172590,0.002646,0.032409,0.335326,0.001049,-0.009362,-0.173024,0.000742,0.029558,0.335729,0.000353,-0.010313,-0.172757,0.014497,0.041620,0.336106,0.001577,-0.009979,-0.187508,0.022615,0.043681,0.336165,0.000275,-0.011371,-0.187631,0.031030,0.046015,0.335954,-0.000821,-0.014398,-0.187381,0.013891,0.001218,0.317391,-0.001342,-0.000355,-0.127798,0.025941,0.001984,0.320849,-0.000088,0.000627,-0.148859,-0.001835,-0.012888,0.253977,0.000059,0.040192,0.102485,0.000867,0.058683,0.194027,0.000380,0.030985,0.064632,-0.003163,-0.002768,0.129192,0.002606,0.021295,-0.020420,,,,,,,0.011954,0.000172,0.552553,0.008159,0.058170,0.296806,,,,,,,0.017762,-0.010298,0.614251,0.003287,0.033567,0.313404,,,,,,,0.019867,-0.001724,0.602825,-0.005154,0.021461,0.211412,,,,,,,0.006443,-0.000857,0.549656,0.002720,0.030174,0.253726,,,,,,
103,3.433333,-0.232751,0.383625,1,-1,0.404308,0.317725,-0.890262,0.071345,0.042861,0.172533,0.999942,0.999942,0,0.000834,0.002395,-0.002860,0.000170,0.002341,-0.013497,0.328613,,,0.302241,,,0.207432,,,0.264495,,,0.949433,,,0.873238,,,0.834998,,,1.064700,,,0.346115,0.248423,0,0,0,3.238260,6.000000,0.025645,0.114951,0.062732,0.007945,0.104495,-0.241849,0.009940,0.068132,-0.006614,0.004948,0.032654,-0.342151,0.007549,0.057535,-0.005742,0.004903,0.025126,-0.341068,0.004663,0.050354,-0.005838,0.003921,0.020796,-0.341567,0.012410,0.098551,-0.079095,-0.002087,0.056931,-0.415201,0.014015,0.109076,-0.079499,-0.008600,0.065395,-0.415664,0.014317,0.121749,-0.079064,-0.016713,0.075734,-0.415018,0.024606,0.068590,-0.031198,0.010715,0.067372,-0.348589,0.025474,0.075139,-0.140374,-0.000467,0.073155,-0.461223,-0.035596,0.019494,-0.125717,-0.033761,0.032382,-0.379694,-0.054952,0.091818,-1.021602,-0.055819,0.033135,-1.215629,0.002342,-0.000817,0.412395,0.005505,0.001951,0.283203,,,,,,,0.019931,0.019380,0.654395,0.007977,0.019208,0.101842,,,,,,,0.034048,-0.000114,0.641448,0.016286,0.010184,0.027197,,,,,,,0.014210,-0.000036,0.590905,-0.005657,0.001688,-0.011920,,,,,,,0.004746,0.001591,0.616554,-0.001697,0.002448,0.066898,,,,,,
104,3.466667,-0.238403,0.380799,1,-1,0.404879,0.318616,-0.896903,0.071530,0.042723,0.171024,0.999945,0.999945,0,0.000571,0.000891,-0.006642,-0.000263,-0.001504,-0.003782,0.324496,,,0.299014,,,0.206751,,,0.263139,,,0.935280,,,0.861834,,,0.827639,,,1.053362,,,0.346951,0.249809,0,0,0,3.238260,6.000000,0.018176,0.046889,-0.183717,-0.007469,-0.068062,-0.246449,0.012918,0.034650,-0.190047,0.002978,-0.033482,-0.183433,0.012141,0.031701,-0.189913,0.004592,-0.025834,-0.184171,0.010547,0.029652,-0.189548,0.005884,-0.020702,-0.183710,0.012242,0.038102,-0.196583,-0.000168,-0.060449,-0.117488,0.014960,0.036846,-0.196366,0.000945,-0.072230,-0.116867,0.018044,0.033073,-0.196257,0.003727,-0.088676,-0.117193,0.017319,0.038764,-0.194255,-0.007287,-0.029826,-0.163057,0.016962,0.014693,-0.204266,-0.008512,-0.060446,-0.063892,-0.000069,0.002607,-0.027908,0.035527,-0.016887,0.097809,-0.044203,0.019547,-0.020975,0.010749,-0.072271,1.000627,0.007783,-0.000563,0.235717,0.005441,0.000254,-0.176678,,,,,,,0.033401,0.042930,0.034010,0.013470,0.023550,-0.620385,,,,,,,0.026004,0.011675,0.003208,-0.008044,0.011789,-0.638240,,,,,,,0.015537,0.006183,-0.056273,0.001327,0.006219,-0.647178,,,,,,,0.012442,0.008928,0.006913,0.007696,0.007337,-0.609641,,,,,,
105,3.500000,-0.245105,0.377447,1,-1,0.405362,0.320460,-0.924946,0.072455,0.042760,0.169816,0.999949,0.999949,0,0.000483,0.001844,-0.028043,-0.000088,0.000953,-0.021401,0.297032,,,0.283428,,,0.205217,,,0.261305,,,0.819183,,,0.781665,,,0.814990,,,1.037732,,,0.362595,0.251804,0,0,0,3.238260,6.000000,0.013205,0.061143,-0.747367,-0.004971,0.014254,-0.563650,0.007313,0.040717,-0.796373,-0.005605,0.006067,-0.606326,0.005819,0.037091,-0.795779,-0.006322,0.005390,-0.605866,0.003960,0.035949,-0.795515,-0.006587,0.006297,-0.605967,0.008749,0.047124,-0.815881,-0.003493,0.009022,-0.619298,0.009763,0.047791,-0.816468,-0.005197,0.010945,-0.620102,0.010390,0.049277,-0.816232,-0.007654,0.016204,-0.619975,0.015493,0.057795,-0.824425,-0.001826,0.019031,-0.630170,0.013493,0.052835,-0.858123,-0.003469,0.038142,-0.653857,0.004325,0.014405,-0.606803,0.004394,0.011798,-0.578895,-0.082926,0.254688,-1.210769,-0.038723,0.235141,-1.189794,0.002411,-0.000265,0.025019,-0.005372,0.000298,-0.210698,,,,,,,0.088136,0.026407,0.286160,0.054735,-0.016523,0.252150,,,,,,,0.057044,0.003700,0.282737,0.031040,-0.007975,0.279529,,,,,,,0.052636,-0.000061,0.219601,0.037099,-0.006244,0.275874,,,,,,,0.038319,0.000100,0.269977,0.025877,-0.008828,0.263064,,,,,,
106,3.533333,-0.252797,0.373602,1,-1,0.405913,0.322008,-0.946316,0.072792,0.042886,0.165047,0.999951,0.999951,0,0.000551,0.001548,-0.021370,0.000067,-0.000296,0.006673,0.283200,,,0.275582,,,0.203768,,,0.259861,,,0.758157,,,0.737765,,,0.784206,,,1.000079,,,0.373537,0.259840,0,0,0,3.238260,6.000000,0.013678,0.045038,-0.639943,0.000473,-0.016105,0.107424,0.007469,0.028788,-0.653138,0.000156,-0.011929,0.143235,0.006603,0.025861,-0.653179,0.000784,-0.011230,0.142600,0.005142,0.024607,-0.653236,0.001182,-0.011342,0.142279,0.006884,0.035689,-0.661561,-0.001865,-0.011435,0.154320,0.007347,0.037706,-0.661919,-0.002416,-0.010085,0.154549,0.007969,0.040218,-0.661894,-0.002421,-0.009059,0.154338,0.017987,0.043879,-0.636202,0.002494,-0.013916,0.188223,0.015065,0.049013,-0.645942,0.001572,-0.003822,0.212181,0.015253,0.006178,-0.460856,0.010928,-0.008227,0.145947,-0.260134,0.682165,-0.684351,-0.177208,0.427477,0.526418,0.001101,-0.000157,-0.071779,-0.001310,0.000108,-0.096798,,,,,,,0.060273,0.017400,-0.087211,-0.027863,-0.009007,-0.373371,,,,,,,0.031289,0.000826,-0.088202,-0.025755,-0.002874,-0.370939,,,,,,,0.029933,-0.001107,-0.099056,-0.022703,-0.001046,-0.318657,,,,,,,0.026714,-0.000626,-0.093040,-0.011605,-0.000726,-0.363017,,,,,,
107,3.566667,-0.253295,0.373353,1,-1,0.405902,0.324912,-0.933847,0.068054,0.043151,0.163221,0.999955,0.999955,0,-0.000010,0.002904,0.012469,-0.000561,0.001356,0.033838,0.249753,,,0.256862,,,0.197659,,,0.252920,,,0.664704,,,0.683623,,,0.747657,,,0.956687,,,0.375736,0.264371,0,0,0,3.238260,6.000000,0.000062,0.107367,0.286524,-0.013616,0.062329,0.926467,-0.000272,0.098667,0.113754,-0.007741,0.069879,0.766892,-0.000291,0.088471,0.116876,-0.006894,0.062610,0.770055,-0.001338,0.084405,0.119401,-0.006480,0.059798,0.772637,-0.000032,0.117456,0.190176,-0.006916,0.081767,0.851737,0.000094,0.118572,0.191453,-0.007253,0.080866,0.853372,0.000084,0.125175,0.191910,-0.007885,0.084957,0.853804,-0.000043,0.067802,0.281151,-0.018030,0.023923,0.917353,-0.000592,0.106435,0.466942,-0.015657,0.057422,1.112884,-0.041992,0.027230,0.205393,-0.057245,0.021052,0.666249,-0.165064,0.525212,0.246152,0.095070,-0.156953,0.930503,0.001364,0.000447,0.849282,0.000263,0.000604,0.921061,,,,,,,0.091040,-0.029665,1.547513,0.030767,-0.047065,1.634724,,,,,,,0.038430,-0.042908,1.630404,0.007141,-0.043734,1.718606,,,,,,,0.026964,-0.107337,1.694176,-0.002969,-0.106230,1.793232,,,,,,,0.023738,-0.094909,1.589506,-0.002976,-0.094283,1.682546,,,,,,
108,3.600000,-0.255058,0.372471,1,-1,0.405834,0.326705,-0.925404,0.066894,0.043436,0.163650,0.999958,0.999958,0,-0.000068,0.001793,0.008443,-0.000058,-0.001111,-0.004026,0.251361,,,0.253476,,,0.194014,,,0.249049,,,0.657501,,,0.663034,,,0.730965,,,0.938317,,,0.382297,0.265421,0,0,0,3.238260,6.000000,-0.001076,0.057573,0.108969,-0.001138,-0.049794,-0.177555,-0.002344,0.051344,0.045297,-0.002072,-0.047323,-0.068457,-0.001777,0.044960,0.044507,-0.001486,-0.043511,-0.072369,-0.002545,0.041783,0.044872,-0.001207,-0.042622,-0.074529,-0.003367,0.063914,0.220606,-0.003335,-0.053542,0.030430,-0.002850,0.063909,0.222026,-0.002944,-0.054663,0.030573,-0.003975,0.065423,0.222341,-0.004059,-0.059752,0.030431,-0.000238,0.041996,0.227008,-0.000195,-0.025806,-0.054143,-0.003851,0.065552,0.279527,-0.003259,-0.040883,-0.187415,-0.022787,0.023120,0.260007,0.019205,-0.004110,0.054614,-0.045092,0.163903,0.015610,0.119972,-0.361309,-0.230542,0.000946,0.002958,0.171305,-0.000418,0.002511,-0.677977,,,,,,,0.051755,-0.016345,0.081555,-0.039285,0.013320,-1.465958,,,,,,,0.018317,-0.026334,0.055876,-0.020113,0.016574,-1.574528,,,,,,,0.011469,-0.061975,0.038903,-0.015495,0.045362,-1.655273,,,,,,,0.011573,-0.055885,0.070610,-0.012165,0.039024,-1.518896,,,,,,
109,3.633333,-0.254407,0.372797,1,-1,0.405795,0.327518,-0.921479,0.070674,0.043331,0.161457,0.999961,0.999961,0,-0.000039,0.000813,0.003926,0.000029,-0.000980,-0.004517,0.256572,,,0.253019,,,0.189296,,,0.244388,,,0.649678,,,0.640683,,,0.705342,,,0.910626,,,0.394921,0.268374,0,0,0,3.238260,6.000000,-0.002232,0.019799,0.267159,-0.001156,-0.037774,0.158190,0.000214,-0.000905,0.405995,0.002558,-0.052249,0.360698,0.001308,-0.000546,0.404288,0.003085,-0.045506,0.359781,0.002925,-0.000905,0.402626,0.005470,-0.042688,0.357754,-0.003371,-0.001328,0.254413,-0.000004,-0.065242,0.033807,-0.005936,-0.002497,0.252922,-0.003086,-0.066406,0.030896,-0.011591,-0.004317,0.251870,-0.007616,-0.069740,0.029529,-0.000620,0.034266,0.192152,-0.000382,-0.007730,-0.034856,-0.001735,0.014520,0.043375,0.002116,-0.051032,-0.236152,0.096435,-0.066059,0.161856,0.119222,-0.089179,-0.098151,0.015563,0.032982,-0.275559,0.060655,-0.130921,-0.291169,0.013558,-0.004912,-0.088370,0.012612,-0.007870,-0.259675,,,,,,,0.006593,-0.082494,-0.184320,-0.045162,-0.066149,-0.265875,,,,,,,0.011962,-0.105584,-0.137490,-0.006355,-0.079250,-0.193366,,,,,,,0.005320,-0.123103,-0.283592,-0.006149,-0.061128,-0.322495,,,,,,,0.007020,-0.087653,-0.109245,-0.004553,-0.031768,-0.179855,,,,,,
110,3.666667,-0.251659,0.374171,1,-1,0.405701,0.328055,-0.913019,0.072332,0.043260,0.161186,0.999964,0.999964,0,-0.000094,0.000538,0.008460,-0.000055,-0.000275,0.004534,0.250552,,,0.250490,,,0.186095,,,0.241279,,,0.643555,,,0.643398,,,0.693380,,,0.898991,,,0.389324,0.268389,0,0,0,3.238260,6.000000,-0.005070,0.011581,0.470163,-0.002838,-0.008218,0.203004,-0.001100,0.001110,0.436685,-0.001314,0.002015,0.030690,-0.000106,0.000582,0.437436,-0.001414,0.001128,0.033148,0.000207,0.000071,0.438352,-0.002718,0.000976,0.035726,-0.004860,0.000523,0.365252,-0.001489,0.001851,0.110839,-0.005749,-0.001164,0.365045,0.000187,0.001333,0.112123,-0.008559,-0.003040,0.364577,0.003032,0.001277,0.112707,-0.002703,0.021899,0.285873,-0.002083,-0.012367,0.093721,-0.002945,0.010369,0.221756,-0.001210,-0.004151,0.178381,0.007516,-0.013896,0.081758,-0.088919,0.052163,-0.080098,0.010377,0.023414,0.312477,-0.005186,-0.009568,0.588036,0.003123,-0.019981,0.110722,-0.010435,-0.015069,0.199092,,,,,,,-0.001738,-0.073535,0.272307,-0.008331,0.008959,0.456627,,,,,,,0.007241,-0.100595,0.263064,-0.004721,0.004989,0.400554,,,,,,,0.001569,-0.084094,0.416676,-0.003751,0.039009,0.700268,,,,,,,0.000819,-0.060689,0.228914,-0.006201,0.026964,0.338159,,,,,,
111,3.700000,-0.250957,0.374521,1,-1,0.405528,0.327817,-0.892694,0.075107,0.043019,0.161427,0.999966,0.999966,0,-0.000173,-0.000238,0.020325,-0.000078,-0.000776,0.011866,0.254288,,,0.251152,,,0.184904,,,0.239829,,,0.629752,,,0.621985,,,0.693842,,,0.899943,,,0.403792,0.266493,0,0,0,3.238260,6.000000,-0.002679,-0.000696,0.623478,0.002391,-0.012277,0.153315,-0.002673,-0.000583,0.748415,-0.001573,-0.001693,0.311730,-0.004112,-0.000270,0.747433,-0.004006,-0.000852,0.309997,-0.005680,0.000406,0.747276,-0.005887,0.000335,0.308924,0.000219,-0.001186,0.660292,0.005079,-0.001709,0.295040,0.001540,-0.001939,0.659986,0.007289,-0.000775,0.294941,0.002784,-0.002772,0.659348,0.011343,0.000268,0.294771,-0.007971,-0.002574,0.663723,-0.005268,-0.024473,0.377850,-0.002396,-0.011727,0.555789,0.000549,-0.022096,0.334033,-0.064435,-0.002486,0.795067,-0.071951,0.011410,0.713309,-0.014038,-0.079944,0.155073,-0.024415,-0.103358,-0.157404,-0.005348,-0.014665,0.546208,-0.008471,0.005316,0.435486,,,,,,,-0.005021,-0.056623,0.425175,-0.003283,0.016912,0.152868,,,,,,,0.003043,-0.034581,0.410292,-0.004198,0.066014,0.147228,,,,,,,-0.001178,-0.045072,0.405718,-0.002747,0.039022,-0.010958,,,,,,,-0.007973,-0.040789,0.403792,-0.008792,0.019900,0.174878,,,,,,
112,3.733333,-0.249193,0.375404,1,-1,0.405520,0.328155,-0.860086,0.074928,0.042904,0.161971,0.999968,0.999968,0,-0.000009,0.000338,0.032607,0.000164,0.000576,0.012282,0.233622,,,0.242588,,,0.183745,,,0.238108,,,0.578556,,,0.600761,,,0.693673,,,0.898905,,,0.403802,0.264887,0,0,0,3.238260,6.000000,0.001097,0.026686,1.042115,0.003776,0.027382,0.418637,0.000326,0.031743,1.062731,0.002999,0.032326,0.314316,-0.000180,0.032544,1.062289,0.003932,0.032814,0.314856,-0.001308,0.035146,1.062069,0.004372,0.034740,0.314793,0.004789,0.027688,1.064442,0.004570,0.028874,0.404150,0.007452,0.020333,1.064104,0.005912,0.022272,0.404118,0.011253,0.009989,1.063984,0.008469,0.012761,0.404636,-0.001144,0.014743,0.976135,0.006827,0.017317,0.312412,0.000595,0.005571,0.980288,0.002991,0.017298,0.424499,-0.037029,0.000688,0.616368,0.027406,0.003174,-0.178699,0.007436,-0.048459,0.573869,0.021474,0.031485,0.418796,-0.002580,-0.016281,0.785953,0.002768,-0.001616,0.239745,,,,,,,-0.007792,-0.037120,1.643938,-0.002771,0.019503,1.218763,,,,,,,0.001251,-0.031055,1.813520,-0.001792,0.003526,1.403228,,,,,,,-0.004441,-0.024730,1.886755,-0.003263,0.020342,1.481037,,,,,,,-0.012620,-0.018645,1.696803,-0.004647,0.022144,1.293011,,,,,,
113,3.766667,-0.249555,0.375223,1,-1,0.405514,0.331148,-0.921585,0.070334,0.043125,0.161573,0.999970,0.999970,0,-0.000006,0.002993,-0.061499,0.000003,0.002655,-0.094106,0.206996,,,0.235581,,,0.181179,,,0.235575,,,0.537829,,,0.612101,,,0.678804,,,0.882601,,,0.384873,0.266910,0,0,0,3.238260,6.000000,-0.000616,0.083964,-1.859989,-0.001713,0.057278,-2.902104,-0.000096,0.021936,-2.019467,-0.000422,-0.009807,-3.082198,0.000093,0.012642,-2.018825,0.000273,-0.019902,-3.081114,0.000385,0.007379,-2.020331,0.001693,-0.027767,-3.082400,-0.002815,0.062862,-1.896878,-0.007604,0.035174,-2.961320,-0.002530,0.077188,-1.897961,-0.009982,0.056855,-2.962065,-0.002952,0.096599,-1.896073,-0.014205,0.086610,-2.960057,-0.000163,0.073029,-1.932973,0.000981,0.058286,-2.909108,-0.000156,0.106510,-1.756956,-0.000751,0.100939,-2.737244,0.049539,-0.035436,-1.934241,0.086568,-0.036124,-2.550609,0.003803,0.139028,-1.109360,-0.003633,0.187487,-1.683229,-0.005161,-0.001906,-0.563303,-0.002581,0.014375,-1.349256,,,,,,,-0.000007,0.001531,-0.538815,0.007785,0.038651,-2.182753,,,,,,,0.060238,0.001536,-0.511472,0.058987,0.032591,-2.324992,,,,,,,0.035157,0.000647,-0.519733,0.039598,0.025377,-2.406488,,,,,,,0.031011,0.001030,-0.521092,0.043631,0.019675,-2.217895,,,,,,
114,3.800000,-0.247914,0.376043,1,-1,0.405444,0.333360,-0.934316,0.070903,0.043362,0.162121,0.999972,0.999972,0,-0.000070,0.002212,-0.012731,-0.000064,-0.000781,0.048768,0.200719,,,0.233841,,,0.179233,,,0.233617,,,0.524839,,,0.611445,,,0.670115,,,0.873445,,,0.382440,0.267466,0,0,0,3.238260,6.000000,-0.003748,0.062976,-0.448254,-0.003132,-0.020988,1.411735,-0.001009,0.020554,-0.406346,-0.000913,-0.001382,1.613121,-0.000177,0.011911,-0.406580,-0.000270,-0.000731,1.612245,0.000067,0.007016,-0.406907,-0.000318,-0.000363,1.613424,-0.005147,0.050950,-0.419326,-0.002332,-0.011912,1.477552,-0.005056,0.057206,-0.419437,-0.002526,-0.019982,1.478524,-0.006097,0.066441,-0.419329,-0.003145,-0.030158,1.476744,-0.001218,0.054221,-0.373878,-0.001055,-0.018808,1.559095,-0.002995,0.078484,-0.389970,-0.002839,-0.028026,1.366986,0.011384,-0.009334,-0.191278,-0.038155,0.026102,1.742963,-0.000874,0.035838,-0.073342,-0.004677,-0.103190,1.036018,-0.010207,-0.002697,-0.054890,-0.005046,-0.000791,0.508413,,,,,,,0.000029,0.000830,-0.083830,0.000036,-0.000701,0.454985,,,,,,,0.039115,0.002055,-0.075170,-0.021123,0.000519,0.436302,,,,,,,0.026134,-0.002047,-0.089296,-0.009023,-0.002694,0.430437,,,,,,,0.020820,0.000517,-0.088727,-0.010191,-0.000513,0.432365,,,,,,
115,3.833333,-0.255158,0.372421,1,-1,0.405887,0.332971,-0.926806,0.077073,0.043289,0.164215,0.999972,0.999972,0,0.000443,-0.000389,0.007510,0.000513,-0.002601,0.020241,0.209605,,,0.233740,,,0.179009,,,0.233660,,,0.500803,,,0.558469,,,0.679065,,,0.886383,,,0.418538,0.263611,0,0,0,3.238260,6.000000,0.006889,-0.023646,0.155472,0.010637,-0.086622,0.603726,0.000316,-0.060340,0.355124,0.001325,-0.080894,0.761470,0.000065,-0.068598,0.353249,0.000242,-0.080509,0.759829,0.000028,-0.083272,0.351353,-0.000039,-0.090288,0.758260,0.001163,-0.026364,0.018275,0.006310,-0.077314,0.437601,0.000582,-0.007664,0.021529,0.005638,-0.064870,0.440966,0.000639,-0.004425,0.023085,0.006736,-0.070866,0.442414,0.010000,-0.020661,0.340342,0.011218,-0.074882,0.714220,0.016608,-0.002681,0.110258,0.019603,-0.081165,0.500228,-0.117034,0.023697,1.412719,-0.128418,0.033031,1.603997,0.006498,0.090199,-0.139394,0.007372,0.054361,-0.066052,-0.020902,-0.004706,0.076525,-0.010695,-0.002009,0.131415,,,,,,,0.029046,0.000975,-0.166681,0.029017,0.000145,-0.082851,,,,,,,0.062718,0.002189,-0.165671,0.023603,0.000134,-0.090501,,,,,,,0.061500,-0.032524,-0.335373,0.035366,-0.030477,-0.246077,,,,,,,0.058268,-0.027661,-0.024957,0.037448,-0.028178,0.063770,,,,,,
116,3.866667,-0.261494,0.369253,1,-1,0.406219,0.332904,-0.913847,0.082352,0.043234,0.165383,0.999972,0.999972,0,0.000331,-0.000067,0.012959,-0.000112,0.000322,0.005449,0.224901,,,0.236368,,,0.178698,,,0.233401,,,0.525279,,,0.552062,,,0.683576,,,0.892830,,,0.428155,0.261417,0,0,0,3.238260,6.000000,0.007145,-0.004444,0.499520,0.000256,0.019202,0.344048,0.001844,-0.028316,0.518482,0.001528,0.032024,0.163358,0.002234,-0.032402,0.517924,0.002169,0.036196,0.164675,0.002188,-0.038285,0.516729,0.002160,0.044987,0.165376,0.000367,-0.013082,0.441538,-0.000796,0.013282,0.423263,0.000127,-0.004367,0.438477,-0.000455,0.003297,0.416948,0.000358,-0.003216,0.436442,-0.000281,0.001209,0.413357,0.009379,-0.000894,0.483606,-0.000621,0.019767,0.143264,0.010522,-0.003099,0.293895,-0.006086,-0.000418,0.183637,-0.056536,0.040729,0.358384,0.060498,0.017032,-1.054335,0.014343,0.080568,-0.061421,0.007845,-0.009631,0.077973,-0.008243,-0.000463,-0.034033,0.012659,0.004243,-0.110558,,,,,,,0.013118,0.008242,-0.119072,-0.015928,0.007267,0.047609,,,,,,,0.024183,0.001861,-0.420134,-0.038535,-0.000328,-0.254463,,,,,,,0.021381,-0.015104,-0.436646,-0.040119,0.017420,-0.101273,,,,,,,0.019453,-0.008810,-0.265592,-0.038815,0.018851,-0.240635,,,,,,
117,3.900000,-0.259728,0.370136,1,-1,0.406239,0.325606,-0.956364,0.076894,0.043562,0.163158,0.999973,0.999973,0,0.000021,-0.007298,-0.042517,-0.000310,-0.007231,-0.055475,0.285832,,,0.268623,,,0.186358,,,0.242988,,,0.696217,,,0.654301,,,0.697995,,,0.910098,,,0.410550,0.266991,0,1,4,3.238260,6.000000,-0.001831,-0.278404,-1.365016,-0.008976,-0.273960,-1.864536,-0.000195,-0.221504,-1.469629,-0.002039,-0.193188,-1.988111,0.000094,-0.223222,-1.469232,-0.002140,-0.190820,-1.987156,0.000473,-0.237366,-1.469473,-0.001715,-0.199081,-1.986202,-0.000604,-0.237822,-1.248883,-0.000971,-0.224740,-1.690421,-0.001064,-0.233291,-1.250342,-0.001191,-0.228924,-1.688819,-0.000795,-0.224679,-1.251093,-0.001153,-0.221463,-1.687535,0.000414,-0.238928,-1.376408,-0.008965,-0.238034,-1.860014,0.000834,-0.198959,-1.174575,-0.009688,-0.195860,-1.468470,0.161331,-0.286303,-1.699278,0.217867,-0.327032,-2.057662,0.028141,-0.023282,-0.883105,0.013798,-0.103850,-0.821684,-0.005845,-0.017669,-2.002067,0.002398,-0.017206,-1.968034,,,,,,,0.012345,0.000578,-3.484372,-0.000773,-0.007664,-3.365300,,,,,,,0.025694,0.035866,-3.634025,0.001511,0.034005,-3.213891,,,,,,,0.065940,0.001373,-3.680649,0.044559,0.016477,-3.244003,,,,,,,0.090014,0.000674,-3.637145,0.070561,0.009484,-3.371553,,,,,,
118,3.933333,-0.258105,0.370947,1,-1,0.406257,0.320922,-0.948984,0.076928,0.043183,0.161182,0.999973,0.999973,0,0.000017,-0.004684,0.007380,-0.000004,0.002614,0.049897,0.304396,,,0.280491,,,0.190333,,,0.246616,,,0.738546,,,0.680545,,,0.710427,,,0.920509,,,0.412156,0.267913,0,0,0,3.238260,6.000000,-0.002463,-0.129161,0.169698,-0.000632,0.149243,1.534714,-0.001791,-0.070976,0.247121,-0.001596,0.150528,1.716750,-0.001469,-0.065658,0.247797,-0.001563,0.157564,1.717029,-0.000992,-0.063798,0.248677,-0.001465,0.173568,1.718150,-0.000367,-0.085815,0.251666,0.000237,0.152007,1.500549,-0.000298,-0.086806,0.251516,0.000766,0.146485,1.501858,-0.000153,-0.085359,0.251005,0.000642,0.139320,1.502098,-0.000603,-0.122650,0.225917,-0.001017,0.116278,1.602325,0.001624,-0.158393,0.216883,0.000790,0.040566,1.391458,0.047079,-0.023242,0.194304,-0.114252,0.263061,1.893582,0.021692,-0.006073,0.154597,-0.006449,0.017209,1.037702,-0.009873,-0.033612,-0.333994,-0.004028,-0.015943,1.668073,,,,,,,-0.000561,-0.011260,-0.546527,-0.012906,-0.011838,2.937845,,,,,,,0.017391,-0.004626,-0.526872,-0.008303,-0.040492,3.107153,,,,,,,0.026610,-0.023895,-0.403311,-0.039330,-0.025268,3.277338,,,,,,,0.029822,-0.027097,-0.525463,-0.060192,-0.027771,3.111682,,,,,,
119,3.966667,-0.269327,0.365336,1,-1,0.406309,0.318044,-1.010520,0.075663,0.043355,0.158171,0.999974,0.999974,0,0.000053,-0.002878,-0.061536,0.000035,0.001806,-0.068916,0.356868,,,0.322472,,,0.208972,,,0.267805,,,0.876052,,,0.791616,,,0.762382,,,0.977021,,,0.407359,0.274104,0,0,2,3.238260,6.000000,-0.004590,-0.187309,-2.017765,-0.002127,-0.058148,-2.187463,-0.018144,-0.110808,-1.992320,-0.016353,-0.039832,-2.239441,-0.013610,-0.110636,-1.992130,-0.012141,-0.044978,-2.239927,-0.008854,-0.115280,-1.992306,-0.007862,-0.051482,-2.240983,-0.013827,-0.105303,-1.951028,-0.013460,-0.019488,-2.202694,-0.015970,-0.090588,-1.951733,-0.015672,-0.003782,-2.203249,-0.020446,-0.071874,-1.950220,-0.020293,0.013485,-2.201225,-0.000825,-0.105170,-1.870907,-0.000222,0.017480,-2.096824,0.003954,-0.067482,-1.821272,0.002330,0.090911,-2.038155,0.240601,-0.121335,-1.455183,0.193522,-0.098093,-1.649487,0.076761,0.030023,-1.099468,0.055069,0.036096,-1.254065,-0.031056,-0.019889,-2.098663,-0.021183,0.013723,-1.764669,,,,,,,0.189474,0.333463,-3.057160,0.190035,0.344723,-2.510633,,,,,,,0.204856,0.455562,-3.228056,0.187465,0.460188,-2.701184,,,,,,,0.383433,0.379643,-3.398076,0.356823,0.403538,-2.994765,,,,,,,0.366477,0.309820,-3.142058,0.336655,0.336917,-2.616595,,,,,,
120,4.000000,-0.276364,0.361818,1,-1,0.406297,0.316543,-1.004616,0.073888,0.043561,0.157657,0.999974,0.999974,0,-0.000012,-0.001501,0.005904,-0.000065,0.001377,0.067440,0.351099,0.531588,0.435122,0.321878,0.596441,,0.214968,0.529396,0.369760,0.275074,0.593187,,0.882039,1.335469,1.093123,0.808630,1.498392,,0.778020,1.916006,1.338245,0.995556,2.146879,,0.398054,0.276302,0,0,0,3.238260,6.000000,-0.008250,-0.090376,0.153344,-0.003660,0.096933,2.171109,-0.017096,-0.049269,0.152743,0.001048,0.061539,2.145063,-0.012203,-0.049194,0.152339,0.001407,0.061442,2.144469,-0.007187,-0.050865,0.151799,0.001667,0.064415,2.144105,-0.015922,-0.043519,0.204667,-0.002095,0.061784,2.155695,-0.017963,-0.034384,0.204338,-0.001993,0.056204,2.156071,-0.022851,-0.022004,0.203848,-0.002405,0.049870,2.154068,-0.001063,-0.058390,0.142205,-0.000238,0.046780,2.013112,0.000366,-0.031693,0.212063,-0.003588,0.035789,2.033335,0.075231,-0.030256,-0.038171,-0.165370,0.091079,1.417012,0.038124,0.137674,0.406018,-0.038637,0.107651,1.505486,-0.033658,-0.006984,-0.117357,-0.002602,0.012905,1.981306,,,,,,,0.100378,0.125599,0.405310,-0.089096,-0.207864,3.462470,,,,,,,0.115854,0.021581,0.460750,-0.089002,-0.433981,3.688806,,,,,,,0.125861,0.101931,0.527784,-0.257572,-0.277712,3.925860,,,,,,,0.110597,0.082237,0.451562,-0.255880,-0.227583,3.593620,,,,,,
121,4.033333,-0.318607,0.340697,1,-1,0.405542,0.318201,-1.056879,0.071799,0.045661,0.171631,0.999931,0.999931,0,-0.000755,0.001657,-0.052263,-0.000743,0.003158,-0.058167,0.361520,0.362804,0.254648,0.333296,0.407466,,0.221147,0.341750,0.194638,0.280292,0.407146,,0.884840,0.887980,0.623264,0.815759,0.997295,,0.831256,1.284587,0.731614,1.053575,1.530401,,0.408572,0.266039,0,0,2,3.238260,6.000000,-0.052768,0.018493,-1.424149,-0.044518,0.108869,-1.577493,-0.065821,0.004360,-1.541086,-0.048725,0.053629,-1.693829,-0.038531,-0.002573,-1.541015,-0.026328,0.046621,-1.693354,-0.018934,-0.008696,-1.542356,-0.011747,0.042169,-1.694155,-0.138203,0.012297,-1.460423,-0.122281,0.055816,-1.665090,-0.176889,0.043353,-1.459519,-0.158926,0.077737,-1.663857,-0.248080,0.097547,-1.458839,-0.225229,0.119551,-1.662687,-0.004339,0.005412,-1.631961,-0.003276,0.063802,-1.774166,-0.040998,0.094070,-1.503800,-0.041364,0.125763,-1.715863,-0.154355,0.010628,-2.269526,-0.229586,0.040884,-2.231355,0.337506,0.739950,-2.975981,0.299382,0.602276,-3.381999,-0.166584,-0.675014,-3.318956,-0.132926,-0.668030,-3.201599,,,,,,,0.071719,-0.017238,-2.212150,-0.028659,-0.142837,-2.617460,,,,,,,0.362679,-0.085006,-1.783440,0.246825,-0.106587,-2.244190,,,,,,,0.631597,-0.014289,-1.819772,0.505736,-0.116220,-2.347556,2.562684,-5.173920,-3.774766,2.587038,-5.236896,-4.061060,0.291153,0.101143,-2.213806,0.180556,0.018906,-2.665368,,,,,,
122,4.066667,-0.335722,0.332139,1,-1,0.405343,0.319694,-0.910712,0.072116,0.046847,0.185725,0.999920,0.999920,0,-0.000199,0.001493,0.146167,0.000556,-0.000164,0.198429,0.248368,0.417396,0.264116,0.280625,0.472700,,0.220617,0.406437,0.263427,0.279962,0.472700,,0.577276,0.970145,0.613879,0.652252,1.098686,,0.874638,1.611322,1.044356,1.109909,1.874019,,0.430241,0.252238,0,1,16,3.238260,6.000000,-0.020463,0.012032,4.710671,0.032305,-0.006461,6.134820,-0.027579,-0.002096,4.657804,0.038242,-0.006456,6.198890,-0.012884,-0.015220,4.658373,0.025647,-0.012647,6.199388,-0.003608,-0.027104,4.657885,0.015326,-0.018408,6.200241,-0.065185,0.018639,4.666890,0.073018,0.006342,6.127313,-0.080006,0.048766,4.666808,0.096883,0.005413,6.126327,-0.102245,0.090171,4.668095,0.145835,-0.007376,6.126934,0.000058,0.011290,4.376269,0.004397,0.005878,6.008230,-0.011976,0.078302,4.393721,0.029022,-0.015768,5.897521,-0.321288,0.523167,3.237575,-0.166933,0.512539,5.507101,0.037935,0.273212,2.083848,-0.299571,-0.466738,5.059829,-0.116805,0.013858,5.093800,0.049779,0.688872,8.412756,,,,,,,0.045444,-0.007499,8.645736,-0.026275,0.009739,10.857886,,,,,,,0.187294,-0.103549,9.272722,-0.175385,-0.018543,11.056162,,,,,,,0.216940,-0.080675,9.542302,-0.414657,-0.066386,11.362074,-0.652782,1.910130,5.188240,-3.215466,7.084050,8.963006,-0.011652,0.017202,8.811584,-0.302805,-0.083941,11.025390,,,,,,
123,4.100000,-0.412530,0.293735,1,-1,0.405036,0.317572,-0.829512,0.081062,0.046369,0.259185,0.999862,0.999862,0,-0.000307,-0.002122,0.081200,-0.000108,-0.003615,-0.064967,0.266913,0.329311,0.139323,0.358504,0.407373,,0.235972,0.327590,0.105399,0.297048,0.392351,,0.546939,0.674802,0.285491,0.734622,0.834759,,1.318996,1.831107,0.589140,1.660388,2.193095,,0.488012,0.178903,0,1,6,3.238260,6.000000,-0.047625,-0.088297,3.000467,-0.027162,-0.100329,-1.710204,-0.151222,-0.055608,2.992049,-0.123643,-0.053512,-1.665755,-0.148729,-0.092614,2.989402,-0.135845,-0.077394,-1.668971,-0.126354,-0.144161,2.990023,-0.122746,-0.117057,-1.667862,-0.082535,0.000135,2.692727,-0.017350,-0.018504,-1.974163,-0.083796,0.001074,2.693265,-0.003790,-0.047692,-1.973543,-0.090214,0.025317,2.693220,0.012031,-0.064854,-1.974875,-0.016735,-0.063111,2.610930,-0.016793,-0.074401,-1.765339,-0.001692,-0.064247,2.261068,0.010284,-0.142549,-2.132653,-0.961388,0.300033,2.060496,-0.640100,-0.223134,-1.177079,1.294257,0.136183,-1.104296,1.256322,-0.137029,-3.188144,-0.519389,-1.606143,5.282923,-0.402584,-1.620001,0.189123,,,,,,,-0.008288,-0.177303,9.639906,-0.053732,-0.169804,0.994170,,,,,,,0.345507,-0.003074,10.460778,0.158213,0.100475,1.188056,,,,,,,0.045948,0.422645,9.600576,-0.170992,0.503320,0.058274,4.492548,-2.590050,6.295191,5.145330,-4.500180,1.106951,0.234683,0.473317,9.372016,0.246335,0.456115,0.560432,,,,,,
124,4.133333,-0.489356,0.255322,1,-1,0.405220,0.317282,-0.857881,0.084977,0.046061,0.320379,0.999691,0.999691,0,0.000184,-0.000290,-0.028369,0.000491,0.001832,-0.109568,0.411933,0.312203,0.293393,0.512925,0.391439,,0.248838,0.309459,0.061018,0.311420,0.372402,,0.724465,0.549071,0.515990,0.902080,0.688423,,1.730803,2.152452,0.424416,2.166096,2.590256,,0.568602,0.143770,0,1,6,3.238260,6.000000,-0.025080,-0.011618,-0.950196,0.022545,0.076679,-3.950663,-0.114701,-0.002404,-0.827937,0.036521,0.053204,-3.819986,-0.112425,-0.020077,-0.828250,0.036304,0.072537,-3.817652,-0.096270,-0.049611,-0.827662,0.030084,0.094550,-3.817685,-0.077909,0.031371,-0.962182,0.004626,0.031236,-3.654909,-0.081007,0.098010,-0.963235,0.002789,0.096936,-3.656500,-0.081631,0.191419,-0.962631,0.008583,0.166102,-3.655851,0.000029,-0.009862,-0.777240,0.016764,0.053249,-3.388170,0.011031,-0.007523,-0.924876,0.012723,0.056724,-3.185944,-0.644569,0.356380,0.798893,0.316819,0.056347,-1.261603,0.587016,0.535857,-2.083767,-0.707241,0.399674,-0.979471,-0.563886,-0.104919,3.683591,-0.044497,1.501224,-1.599332,,,,,,,-0.329701,-0.041088,5.363452,-0.321413,0.136215,-4.276454,,,,,,,-0.159518,0.320508,5.709211,-0.505025,0.323582,-4.751567,,,,,,,-0.158989,0.487876,5.255209,-0.204937,0.065231,-4.345367,0.872822,-0.862477,-0.620672,-3.619726,1.727573,-6.915863,-0.099472,0.368888,5.192062,-0.334155,-0.104429,-4.179954,,,,,,
125,4.166667,-0.424546,0.287727,1,-1,0.404412,0.312048,-1.085818,0.079364,0.045922,0.279390,0.999623,0.999623,0,-0.000808,-0.005234,-0.227937,-0.000993,-0.004944,-0.199569,0.315965,0.313027,0.136661,0.331530,0.378189,,0.262741,0.309037,0.053665,0.324941,0.373413,,0.598517,0.592952,0.258871,0.628002,0.716384,,1.598513,1.880177,0.326495,1.976933,2.271837,,0.527913,0.164366,0,1,19,3.238260,6.000000,-0.056980,-0.206117,-7.751457,-0.031900,-0.194499,-6.801261,0.013131,-0.344675,-7.208494,0.127832,-0.342271,-6.380557,0.011900,-0.384530,-7.208878,0.124325,-0.364453,-6.380628,0.004043,-0.396175,-7.206899,0.100313,-0.346564,-6.379237,-0.016028,-0.288595,-7.052094,0.061881,-0.319966,-6.089912,-0.005499,-0.324131,-7.053149,0.075508,-0.422141,-6.089914,0.011771,-0.373565,-7.055672,0.093402,-0.564984,-6.093041,-0.003162,-0.093674,-6.938322,-0.003191,-0.083812,-6.161082,-0.045317,-0.220368,-6.737859,-0.056348,-0.212845,-5.812983,0.225527,-0.080271,-4.381761,0.870096,-0.436651,-5.180654,-0.515070,-0.201859,-2.928194,-1.102086,-0.737716,-0.844427,0.215137,0.107766,-12.036898,0.779023,0.212685,-15.720489,-1.508959,0.543752,-5.878474,-1.676899,0.591397,-5.475860,0.614716,-0.015984,-21.169682,0.944417,0.025104,-26.533134,,,,,,,0.964572,-0.012776,-22.837048,1.124090,-0.333284,-28.546259,0.759680,1.144490,-10.248778,0.383143,1.566239,-8.987821,0.784888,-0.079401,-21.951547,0.943877,-0.567277,-27.206756,0.149835,-0.240651,-9.571715,-0.722987,0.621826,-8.951043,0.684671,-0.034524,-21.076240,0.784143,-0.403412,-26.268302,-0.066812,0.270994,-9.376130,0.268204,0.186683,-4.820208
126,4.200000,-0.388834,0.305583,1,-1,0.404039,0.309156,-1.129362,0.080367,0.045895,0.263253,0.999546,0.999546,0,-0.000373,-0.002892,-0.043544,0.000435,0.002342,0.184393,0.338717,0.315477,0.175999,0.343707,0.384927,0.158957,0.265944,0.312559,0.055660,0.329557,0.378626,0.087352,0.633547,0.590076,0.329194,0.642879,0.719979,0.297317,1.525468,1.792853,0.319270,1.890355,2.171814,0.501054,0.534637,0.174336,0,1,9,3.238260,6.000000,-0.030369,-0.133582,-1.379439,0.026611,0.072535,6.372018,0.005189,-0.155311,-1.381828,-0.007942,0.189364,5.826666,0.010478,-0.160905,-1.381845,-0.001422,0.223625,5.827033,0.004896,-0.159758,-1.382529,0.000853,0.236417,5.824370,-0.004399,-0.140305,-1.414146,0.011629,0.148290,5.637948,-0.000898,-0.147189,-1.414568,0.004601,0.176942,5.638581,0.003332,-0.161979,-1.415048,-0.008439,0.211586,5.640624,-0.000819,-0.048481,-1.287671,0.002343,0.045193,5.650651,-0.021573,-0.125016,-1.325018,0.023744,0.095352,5.412841,0.144364,-0.051407,-0.855662,-0.081163,0.028864,3.526099,-0.214826,-0.147851,-0.967875,0.300244,0.054008,1.960319,0.108494,-0.040428,-1.346685,-0.106643,-0.148194,10.690213,-0.061297,0.232932,-0.780829,1.447662,-0.310820,5.097645,0.185405,-0.048843,-2.181827,-0.429311,-0.032859,18.987855,,,,,,,0.189670,-0.016469,-2.303685,-0.774902,-0.003693,20.533363,0.081587,0.200500,-0.982039,-0.678093,-0.943990,9.266739,0.100256,-0.037529,-2.334355,-0.684632,0.041872,19.617192,0.022126,0.013787,-1.095893,-0.127709,0.254438,8.475822,0.125179,-0.026445,-2.200298,-0.559492,0.008079,18.875942,0.036407,0.069460,-0.968953,0.103219,-0.201534,8.407177
127,4.233333,-0.337705,0.331148,1,-1,0.404405,0.306754,-1.378424,0.081617,0.046008,0.190637,0.999507,0.999507,0,0.000366,-0.002402,-0.249062,0.000739,0.000490,-0.205518,0.517684,0.389192,0.230888,0.467146,0.408539,0.174121,0.303537,0.337769,0.047185,0.366708,0.403592,0.063929,1.026936,0.772044,0.458015,0.926683,0.810424,0.345405,1.257719,1.399563,0.195512,1.519473,1.672305,0.264893,0.504106,0.241339,0,1,21,3.238260,6.000000,0.001361,-0.092455,-8.005757,0.031730,0.041127,-6.626318,0.043746,-0.151307,-7.838119,0.038557,0.004004,-6.456291,0.076943,-0.132202,-7.839589,0.066465,0.028703,-6.457744,0.095918,-0.107240,-7.840061,0.091022,0.052518,-6.457532,0.006969,-0.185460,-7.853225,0.011368,-0.045155,-6.439079,0.009821,-0.227303,-7.853751,0.010719,-0.080114,-6.439183,0.012479,-0.282958,-7.854513,0.009147,-0.120979,-6.439465,0.022464,-0.026933,-7.450286,0.023283,0.021548,-6.162615,-0.000506,-0.117204,-7.493452,0.021067,0.007812,-6.168434,1.348725,-0.896298,-6.098612,1.204361,-0.844891,-5.242950,-0.454465,0.013381,-4.213634,-0.239639,0.161232,-3.245759,0.491764,0.762543,-9.539226,0.383270,0.802971,-8.192541,-0.725275,1.059165,-7.668711,-0.663978,0.826233,-6.887882,0.426305,1.370471,-12.964203,0.240900,1.419314,-10.782376,-0.081157,0.549735,-12.089503,0.280952,0.414307,-7.727241,0.942875,0.826206,-13.774402,0.753205,0.842675,-11.470717,0.935143,0.639948,-12.775826,0.853556,0.439448,-11.793787,0.827043,0.761737,-13.759593,0.726787,0.799266,-11.425238,0.663407,0.468208,-11.988101,0.641281,0.454421,-10.892208,0.800761,0.849649,-12.991920,0.675582,0.876094,-10.791622,0.640923,0.228274,-11.840047,0.604516,0.158814,-10.871094
128,4.266667,-0.336256,0.331872,1,-1,0.404784,0.305957,-1.265560,0.088768,0.046642,0.184835,0.999417,0.999417,0,0.000379,-0.000797,0.112864,0.000013,0.001605,0.361927,0.459017,0.364708,0.231393,0.430587,0.411543,0.168132,0.310253,0.345601,0.065971,0.371468,0.411524,0.065569,0.806153,0.640523,0.406386,0.756223,0.722777,0.295284,1.229478,1.369555,0.261431,1.472060,1.630794,0.259838,0.569392,0.252345,0,1,20,3.238260,6.000000,0.003016,-0.016021,3.668754,0.001655,0.076434,11.674511,0.004867,-0.036624,3.567291,-0.038879,0.114683,11.405410,0.000941,-0.047317,3.567456,-0.076002,0.084885,11.407045,0.005611,-0.062495,3.566401,-0.090307,0.044745,11.406462,0.006166,-0.004013,3.384526,-0.000803,0.181447,11.237751,0.005827,0.004765,3.385566,-0.003994,0.232068,11.239317,0.005714,0.005992,3.385245,-0.006765,0.288950,11.239758,0.020333,-0.027747,3.507618,-0.002131,-0.000814,10.957904,0.002384,-0.020083,3.264202,0.002890,0.097121,10.757654,-0.002894,0.024618,3.157693,-1.351619,0.920916,9.256305,-0.321131,0.118232,1.122558,0.133334,0.104851,5.336192,0.027907,0.172729,5.037054,-0.463857,-0.589814,14.576280,-0.287623,0.077786,2.742094,0.437652,-0.981379,10.410805,0.151625,0.279386,5.827271,-0.274680,-1.091085,18.791474,-0.015104,0.261873,5.613037,0.066053,-0.287862,17.702540,0.502673,0.244759,6.129316,-0.440202,-0.581447,19.903718,-0.328079,0.442207,5.926963,-1.263222,-0.197741,18.702789,0.569145,-0.136809,5.818051,-0.257898,-0.898546,19.577644,0.005348,0.236796,5.691258,-0.658059,-0.231412,17.679359,0.494179,-0.098180,5.704590,-0.306582,-0.947829,18.696510,0.010255,0.118010,5.586387,-0.630668,-0.110264,17.426434
129,4.300000,-0.333966,0.333017,1,-1,0.404403,0.301725,-1.476148,0.087160,0.047313,0.171166,0.999426,0.999426,0,-0.000381,-0.004232,-0.210588,-0.000760,-0.003435,-0.323452,0.596655,0.427500,0.261260,0.530643,0.429527,0.191373,0.333467,0.354617,0.052080,0.392168,0.417373,0.059865,1.107960,0.793848,0.485147,0.985379,0.797612,0.355371,1.206396,1.282911,0.188413,1.418759,1.509945,0.216574,0.538517,0.276416,0,1,21,3.238260,6.000000,-0.000227,-0.067211,-6.820500,-0.003243,-0.051190,-10.489254,0.003678,0.011751,-6.566051,-0.001189,0.048375,-10.133342,0.002622,0.027427,-6.567092,0.001681,0.074744,-10.134548,0.001211,0.040120,-6.566620,-0.004400,0.102615,-10.133021,0.002100,-0.033605,-6.518515,-0.004066,-0.029592,-9.903041,0.001081,-0.060700,-6.519309,-0.004746,-0.065465,-9.904875,0.000462,-0.107838,-6.520100,-0.005252,-0.113830,-9.905345,-0.000601,-0.123754,-6.352526,-0.020934,-0.096007,-9.860144,-0.022219,-0.130151,-6.282756,-0.024603,-0.110068,-9.546958,0.305078,-0.468341,-4.885676,0.307972,-0.492959,-8.043369,-0.308215,-0.060861,-3.437980,0.012916,-0.179093,-4.560538,0.174649,0.225307,-7.757195,0.146742,0.052578,-12.794249,-0.134937,-0.022708,-5.862876,0.152686,-0.100494,-8.604970,0.039098,0.080032,-10.323533,-0.112527,-0.199354,-16.150804,0.183856,-0.042572,-9.515069,0.198960,-0.304445,-15.128106,-0.206280,0.428326,-11.072098,-0.708953,0.183567,-17.201414,0.293180,-0.048178,-10.186955,0.621259,-0.490385,-16.113918,0.491987,0.372836,-11.012092,-0.077158,0.509645,-16.830143,0.539045,-0.088790,-9.985263,0.533697,-0.325586,-15.676521,0.034847,0.513384,-10.375929,-0.459332,0.611564,-16.080519,0.251010,0.255793,-9.528093,0.240755,0.137783,-15.114480
130,4.333333,-0.335818,0.332091,1,-1,0.403791,0.302106,-1.276442,0.085805,0.047679,0.174113,0.999240,0.999240,0,-0.000611,0.000380,0.199706,-0.000230,0.004612,0.410294,0.538996,0.375824,0.296617,0.496206,0.415273,0.223180,0.339541,0.353231,0.061075,0.396079,0.415183,0.060535,1.007027,0.702168,0.554181,0.927081,0.775872,0.416975,1.239921,1.289914,0.223030,1.446382,1.516148,0.221059,0.535234,0.273841,0,1,20,3.238260,6.000000,0.001087,0.018732,6.519030,0.001314,0.085943,13.339530,0.001659,0.014133,6.210619,-0.002019,0.002382,12.776670,0.000460,0.016743,6.211016,-0.002162,-0.010684,12.778108,-0.000373,0.050858,6.210508,-0.001584,0.010738,12.777128,0.000999,0.010799,6.259668,-0.001101,0.044404,12.778183,-0.002842,0.004003,6.260927,-0.003923,0.064703,12.780236,-0.008826,-0.003174,6.261402,-0.009288,0.104664,12.781502,-0.013523,0.007301,5.963255,-0.012922,0.131055,12.315781,-0.023201,0.015518,6.019106,-0.000982,0.145669,12.301862,-0.067627,0.056711,3.783059,-0.372705,0.525052,8.668735,-0.005916,0.004147,3.851624,0.302299,0.065008,7.289604,,,,,,,-0.004108,0.019455,6.271420,0.130829,0.042163,12.134296,0.319283,-0.069031,8.098980,0.280185,-0.149063,18.422513,0.239257,-0.082911,9.090307,0.055401,-0.040339,18.605376,1.024902,0.041905,8.586248,1.231182,-0.386421,19.658346,0.212113,0.057508,9.681973,-0.081067,0.105686,19.868928,0.463922,-0.113254,8.276213,-0.028065,-0.486090,19.288305,0.079620,-0.085307,9.303532,-0.459425,0.003483,19.288795,0.617575,-0.184391,8.032336,0.582728,-0.697775,18.408265,0.217295,-0.425579,8.990800,-0.033715,-0.681372,18.518893
131,4.366667,-0.378021,0.310989,1,-1,0.402914,0.302088,-1.077570,0.088366,0.047827,0.180170,0.999171,0.999171,0,-0.000878,-0.000017,0.198872,-0.000266,-0.000397,-0.000834,0.536498,0.364698,0.363074,0.505431,0.426772,0.259130,0.350974,0.360935,0.082756,0.406132,0.423511,0.066899,0.973595,0.661825,0.658879,0.917217,0.774473,0.470248,1.322167,1.359692,0.311751,1.529951,1.595423,0.252017,0.551048,0.265454,0,1,19,3.238260,6.000000,-0.003152,-0.000769,6.410025,-0.004239,-0.019501,-0.109005,-0.032918,-0.002673,6.280557,-0.034577,-0.016806,0.069938,-0.043343,0.014217,6.278586,-0.043803,-0.002526,0.067570,-0.051388,0.020160,6.276634,-0.051015,-0.030698,0.066126,-0.031074,-0.015462,6.199604,-0.032073,-0.026261,-0.060064,-0.053792,-0.001600,6.202977,-0.050950,-0.005603,-0.057950,-0.075665,0.010602,6.204700,-0.066839,0.013776,-0.056702,-0.024757,-0.004255,6.010641,-0.011234,-0.011556,0.047386,-0.027901,0.003230,5.921663,-0.004700,-0.012288,-0.097443,-0.119020,0.054340,3.446339,-0.051393,-0.002371,-0.336720,0.013254,-0.293866,2.755775,0.019170,-0.298013,-1.095849,,,,,,,0.090170,-0.073341,5.091963,0.094278,-0.092796,-1.179457,0.176522,-0.060516,7.335227,-0.142761,0.008515,-0.763753,0.005502,0.066866,8.401197,-0.233755,0.149777,-0.689110,0.469290,0.097956,7.474698,-0.555612,0.056051,-1.111550,0.241063,0.195388,8.696247,0.028950,0.137880,-0.985726,0.385936,0.112812,6.351196,-0.077986,0.226066,-1.925017,-0.255557,0.371350,8.248916,-0.335177,0.456657,-1.054616,0.592636,-0.022591,6.939021,-0.024939,0.161800,-1.093315,-0.045435,-0.078683,8.232279,-0.262730,0.346896,-0.758521
132,4.400000,-0.389758,0.305121,1,-1,0.401647,0.301995,-1.101758,0.085664,0.047929,0.183066,0.999148,0.999148,0,-0.001267,-0.000093,-0.024188,-0.000389,-0.000076,-0.223060,0.532359,0.364447,0.345536,0.499770,0.423875,0.261327,0.353955,0.359674,0.067615,0.408684,0.420771,0.070093,0.984735,0.674137,0.639158,0.924452,0.784065,0.483392,1.351958,1.373799,0.258259,1.560997,1.607167,0.267724,0.540612,0.261809,0,1,17,3.238260,6.000000,-0.017157,-0.000384,-0.878073,-0.014005,0.000385,-7.288098,-0.022427,-0.000481,-0.845361,0.010491,0.002192,-7.125918,-0.022280,0.010966,-0.844495,0.021063,-0.003251,-7.123081,-0.023100,0.015523,-0.843297,0.028288,-0.004637,-7.119931,-0.031950,-0.017751,-0.763028,-0.000876,-0.002289,-6.962632,-0.045015,-0.013015,-0.764337,0.008777,-0.011415,-6.967314,-0.055099,-0.006493,-0.764920,0.020566,-0.017095,-6.969620,-0.036853,-0.004848,-0.775183,-0.012096,-0.000593,-6.785824,-0.039177,-0.000735,-0.676070,-0.011276,-0.003965,-6.597733,-0.011928,0.038276,-0.137627,0.107092,-0.016064,-3.583966,0.009330,-0.224842,0.159638,-0.003924,0.069024,-2.596137,,,,,,,0.183027,-0.102101,0.022409,0.092857,-0.028760,-5.069554,0.036024,0.000531,-1.001265,-0.140498,0.061047,-8.336492,-0.063320,0.054883,-0.959051,-0.068822,-0.011983,-9.360248,-0.067382,0.099054,-1.075705,-0.536672,0.001098,-8.550403,0.010223,0.107383,-0.938934,-0.230840,-0.088005,-9.635181,0.011584,0.072067,-0.481968,-0.374352,-0.040745,-6.833164,0.345817,-0.237377,-0.921811,0.601374,-0.608727,-9.170727,-0.109658,0.061260,-0.869132,-0.702294,0.083851,-7.808153,-0.028498,-0.065269,-0.955460,0.016937,0.013414,-9.187739
133,4.433333,-0.459050,0.270475,1,-1,0.399849,0.302268,-0.986744,0.079089,0.047972,0.189430,0.999103,0.999103,0,-0.001797,0.000272,0.115014,-0.000530,0.000365,0.139202,0.507190,0.382620,0.479485,0.490922,0.474897,0.399234,0.360753,0.363500,0.058124,0.415503,0.423701,0.066174,1.045169,0.788466,0.988077,1.011646,0.978624,0.822705,1.424539,1.435385,0.229519,1.640735,1.673108,0.261307,0.485271,0.253242,0,1,18,3.238260,6.000000,-0.041408,0.018555,3.898598,-0.024251,0.018939,4.776671,-0.104573,0.015593,3.526415,-0.082146,0.016074,4.371776,-0.114983,0.028582,3.526379,-0.092703,0.017616,4.370874,-0.115761,0.035057,3.526608,-0.092661,0.019534,4.369905,-0.094315,0.006174,3.680849,-0.062365,0.023925,4.443877,-0.116014,0.007086,3.681707,-0.070999,0.020101,4.446044,-0.136463,0.006334,3.682501,-0.081364,0.012827,4.447421,-0.054564,0.001366,3.328596,-0.017711,0.006214,4.103779,-0.053244,0.014977,3.572241,-0.014067,0.015712,4.248311,-0.220456,0.003828,0.874383,-0.208528,-0.034448,1.012010,0.050815,0.000801,2.645418,0.041485,0.225643,2.485780,,,,,,,0.363124,-0.064040,5.629857,0.180097,0.038061,5.607448,0.051742,0.009542,4.571564,0.015718,0.009011,5.572829,0.213325,-0.037009,8.830370,0.276645,-0.091892,9.789421,0.008749,0.383347,4.815874,0.076131,0.284293,5.891579,0.119423,0.058662,9.259456,0.109200,-0.048721,10.198390,-0.054506,0.268106,4.684478,-0.066090,0.196039,5.166446,0.130012,0.039842,8.797281,-0.215805,0.277219,9.719092,-0.128042,0.283238,4.599617,-0.018384,0.221978,5.468749,0.278614,0.069408,8.683786,0.307112,0.134677,9.639246
134,4.466667,-0.502587,0.248706,1,-1,0.399157,0.302295,-0.944438,0.080495,0.047613,0.190472,0.999080,0.999080,0,-0.000693,0.000027,0.042306,0.001104,-0.000245,-0.072708,0.471634,0.378804,0.411871,0.467305,0.467436,0.334392,0.362936,0.363397,0.055423,0.417607,0.423235,0.065005,0.955539,0.767462,0.834457,0.946767,0.947032,0.677484,1.451913,1.453758,0.221719,1.670622,1.693138,0.260052,0.493580,0.249971,0,1,4,3.238260,6.000000,-0.022112,0.010565,1.376199,0.019296,-0.007990,-2.522399,-0.064666,0.021506,1.346726,0.039907,0.005913,-2.179689,-0.072909,0.028970,1.346750,0.042074,0.000388,-2.179629,-0.074398,0.029613,1.346614,0.041363,-0.005444,-2.179994,-0.052848,0.010611,1.295131,0.041467,0.004437,-2.385718,-0.058668,0.010076,1.294484,0.057346,0.002990,-2.387223,-0.056986,0.008687,1.293225,0.079477,0.002353,-2.389276,-0.026410,0.000244,1.299559,0.028154,-0.001122,-2.029037,-0.015181,0.001393,1.238819,0.038063,-0.013584,-2.333422,-0.078814,0.018543,1.106942,0.141642,0.014715,0.232559,0.020382,0.004429,0.757524,-0.030433,0.003628,-1.887894,,,,,,,0.075700,-0.030189,0.477998,-0.287424,0.033851,-5.151859,-0.000873,0.003741,2.673333,-0.052615,-0.005801,-1.898231,0.037233,-0.016565,0.702344,-0.176092,0.020444,-8.128026,-0.008837,0.150509,2.840821,-0.017586,-0.232838,-1.975053,0.027943,0.028186,0.771577,-0.091480,-0.030476,-8.487879,-0.023015,0.085216,2.928743,0.031491,-0.182890,-1.755735,0.004883,-0.016724,0.894004,-0.125129,-0.056566,-7.903277,-0.142613,0.229200,2.723815,-0.014571,-0.054038,-1.875802,0.031484,0.003065,0.762085,-0.247130,-0.066343,-7.921701
135,4.500000,-0.532883,0.233559,1,-1,0.398097,0.302470,-0.946469,0.081208,0.048116,0.198549,0.999109,0.999109,0,-0.001059,0.000175,-0.002031,-0.000366,0.000148,-0.044337,0.478756,0.387423,0.423134,0.472300,0.477975,0.343243,0.369381,0.369944,0.054339,0.423470,0.429132,0.065267,0.947242,0.766536,0.837191,0.934468,0.945697,0.679124,1.524238,1.526562,0.224229,1.747434,1.770801,0.269321,0.505421,0.242338,0,0,0,3.238260,6.000000,-0.034123,0.007431,-0.179404,-0.012011,-0.003134,-1.555603,-0.059266,0.009680,-0.117702,0.005400,-0.011826,-1.464428,-0.065100,0.011281,-0.117597,0.007809,-0.017689,-1.464347,-0.069264,0.012223,-0.117917,0.005134,-0.017390,-1.464531,-0.065122,0.030515,-0.133488,-0.012274,0.019904,-1.428619,-0.070450,0.052392,-0.132862,-0.011782,0.042316,-1.427346,-0.066526,0.079338,-0.131339,-0.009540,0.070651,-1.424564,-0.025554,-0.002059,-0.053220,0.000856,-0.002303,-1.352779,-0.037970,0.012584,-0.068620,-0.022789,0.011191,-1.307439,-0.233795,0.016881,0.564765,-0.154981,-0.001662,-0.542177,0.002054,-0.004585,0.026742,-0.018328,-0.009014,-0.730782,,,,,,,0.056379,-0.023026,-0.013770,-0.019321,0.007163,-0.491768,0.128489,0.021899,-0.037755,0.129362,0.018158,-2.711088,0.056555,-0.005913,0.231317,0.019322,0.010652,-0.471027,0.330241,-0.102292,-0.105128,0.339078,-0.252801,-2.945949,0.212129,0.029898,0.173739,0.184186,0.001712,-0.597838,0.207276,0.064275,-0.162374,0.230291,-0.020941,-3.091117,0.251489,0.071567,0.182784,0.246606,0.088291,-0.711220,0.532485,-0.055025,-0.095097,0.675098,-0.284225,-2.818912,0.019255,0.109529,0.237166,-0.012229,0.106464,-0.524919
136,4.533333,-0.549615,0.225193,1,-1,0.397569,0.302119,-0.928281,0.082417,0.048127,0.199012,0.999134,0.999134,0,-0.000528,-0.000352,0.018188,0.000531,-0.000527,0.020219,0.475800,0.388773,0.407825,0.471480,0.477498,0.327322,0.373431,0.372999,0.052247,0.427016,0.431449,0.066347,0.921071,0.752599,0.789481,0.912707,0.924357,0.633640,1.544196,1.542411,0.216050,1.765780,1.784109,0.274355,0.516573,0.241829,0,0,0,3.238260,6.000000,-0.022817,0.005557,0.559405,0.011306,-0.001874,0.738809,-0.041059,0.007571,0.585862,0.018207,-0.002109,0.703564,-0.045838,0.008278,0.585653,0.019262,-0.003003,0.703250,-0.048200,0.008409,0.585589,0.021064,-0.003814,0.703506,-0.029420,0.003625,0.549978,0.035702,-0.026890,0.683466,-0.022875,0.011723,0.549656,0.047575,-0.040669,0.682518,-0.015474,0.019507,0.549181,0.051052,-0.059831,0.680520,-0.018858,-0.024847,0.567942,0.006696,-0.022788,0.621162,-0.012882,0.003752,0.523322,0.025088,-0.008832,0.591942,0.005920,0.024767,0.643778,0.239715,0.007886,0.079013,0.003337,-0.026911,0.255643,0.001283,-0.022326,0.228901,,,,,,,0.021544,-0.017413,0.097235,-0.034835,0.005613,0.111005,0.193298,0.047380,0.802081,0.064809,0.025481,0.839836,0.034143,-0.008787,0.308459,-0.022412,-0.002874,0.077142,0.132337,-0.024818,0.842711,-0.197904,0.077474,0.947839,0.128045,0.005869,0.385773,-0.084084,-0.024029,0.212034,0.094605,0.056938,0.837386,-0.112671,-0.007337,0.999760,0.136440,0.006917,0.382420,-0.115049,-0.064650,0.199636,0.202185,0.029855,0.794381,-0.330300,0.084880,0.889478,0.071955,0.005225,0.317763,0.052700,-0.104304,0.080597
137,4.566667,-0.559317,0.220341,1,-1,0.397440,0.301326,-0.947877,0.086305,0.048256,0.202460,0.999099,0.999099,0,-0.000129,-0.000793,-0.019596,0.000400,-0.000441,-0.037784,0.498025,0.389764,0.424806,0.488742,0.475946,0.344165,0.378005,0.377698,0.060449,0.431095,0.436285,0.067154,0.965152,0.755346,0.823257,0.947162,0.922364,0.666979,1.585935,1.584646,0.253616,1.808678,1.830450,0.281748,0.516006,0.238348,0,0,0,3.238260,6.000000,-0.007584,-0.012863,-0.558182,0.015233,-0.018420,-1.117587,-0.015452,-0.040550,-0.539948,0.025607,-0.048121,-1.125810,-0.017492,-0.042642,-0.541048,0.028346,-0.050920,-1.126701,-0.019135,-0.045642,-0.542080,0.029065,-0.054051,-1.127669,-0.012313,-0.015711,-0.637182,0.017107,-0.019336,-1.187160,-0.017310,-0.003586,-0.637171,0.005565,-0.015309,-1.186827,-0.023541,0.003135,-0.636832,-0.008067,-0.016372,-1.186013,-0.003430,-0.030522,-0.518131,0.015428,-0.005675,-1.086073,-0.004242,-0.017049,-0.657620,0.008640,-0.020801,-1.180942,-0.135269,0.018849,-0.594164,-0.141189,-0.005918,-1.237942,-0.044343,-0.036841,-0.629797,-0.047680,-0.009930,-0.885440,,,,,,,-0.081072,-0.004243,-0.981290,-0.102616,0.013170,-1.078525,0.049015,0.061578,-1.464050,-0.144283,0.014198,-2.266131,-0.071876,0.007140,-0.953379,-0.106019,0.015927,-1.261838,0.027571,0.324193,-1.471950,-0.104766,0.349011,-2.314661,-0.112851,0.175104,-1.013219,-0.240896,0.169235,-1.398992,0.135573,0.040340,-1.470058,0.040968,-0.016598,-2.307444,-0.069090,0.176901,-0.989504,-0.205530,0.169984,-1.371924,0.387155,0.065660,-1.451951,0.184970,0.035805,-2.246332,-0.029839,0.042250,-0.941468,-0.101794,0.037025,-1.259231
138,4.600000,-0.569906,0.215047,1,-1,0.397153,0.298702,-0.940253,0.088035,0.048232,0.205549,0.999053,0.999053,0,-0.000288,-0.002624,0.007624,-0.000159,-0.001831,0.027220,0.490302,0.387375,0.357618,0.486899,0.466548,0.280764,0.385835,0.384128,0.059781,0.440143,0.443642,0.067279,0.917424,0.724832,0.669153,0.911055,0.872976,0.525349,1.644308,1.637032,0.254768,1.875750,1.890661,0.286723,0.534434,0.234649,0,0,0,3.238260,6.000000,-0.021132,-0.091112,0.217921,-0.013548,-0.078249,0.776103,-0.031597,-0.086283,0.284901,-0.016145,-0.045733,0.824849,-0.033179,-0.101906,0.284516,-0.015687,-0.059264,0.825564,-0.033342,-0.121575,0.284191,-0.014207,-0.075933,0.826271,-0.026766,-0.037295,0.236056,-0.014453,-0.021584,0.873238,-0.030354,-0.019075,0.236528,-0.013044,-0.015489,0.873699,-0.029357,-0.006567,0.237107,-0.005816,-0.009702,0.873939,-0.011757,-0.089771,0.260097,-0.008327,-0.059249,0.778228,-0.005528,-0.067666,0.197310,-0.001286,-0.050617,0.854930,-0.115205,0.008090,0.471539,0.020064,-0.010759,1.065703,-0.000259,-0.000334,-0.203648,0.044084,0.036507,0.426149,,,,,,,-0.018513,-0.014092,-0.469573,0.062559,-0.009849,0.511717,0.003260,0.056275,0.932883,-0.045755,-0.005303,2.396933,-0.054764,0.016265,-1.016099,0.017112,0.009125,-0.062720,-0.027956,0.179540,0.995289,-0.055527,-0.144653,2.467239,-0.060613,0.121277,-1.141487,0.052238,-0.053827,-0.128268,-0.025220,0.233903,0.880272,-0.160793,0.193563,2.350330,-0.046656,0.163845,-1.156635,0.022434,-0.013056,-0.167131,0.033832,0.073459,0.893347,-0.353323,0.007799,2.345298,-0.039185,0.080919,-1.042891,-0.009346,0.038669,-0.101423
139,4.633333,-0.574445,0.212778,1,-1,0.397122,0.298573,-0.900539,0.092194,0.048239,0.213053,0.998949,0.998949,0,-0.000031,-0.000130,0.039714,0.000257,0.002494,0.032091,0.464900,0.388430,0.290230,0.476054,0.462404,0.219112,0.392124,0.386817,0.054367,0.446967,0.446226,0.061920,0.838428,0.700517,0.523417,0.858543,0.833926,0.395160,1.731843,1.708405,0.240115,1.974060,1.970788,0.273474,0.554490,0.226420,0,0,0,3.238260,6.000000,0.000003,0.004709,1.445037,0.021135,0.095821,1.227116,-0.002289,0.006883,1.283902,0.029308,0.093166,0.999001,-0.005934,0.008360,1.283968,0.027245,0.110266,0.999452,-0.010421,0.009710,1.282842,0.022921,0.131285,0.998651,0.001520,0.005246,1.173702,0.028286,0.042541,0.937646,0.002224,0.014408,1.173942,0.032578,0.033483,0.937414,0.000438,0.025364,1.174704,0.029795,0.031931,0.937597,-0.002474,-0.010144,1.265198,0.009283,0.079627,1.005101,0.000591,0.002416,1.117669,0.006119,0.070082,0.920359,-0.239705,0.003246,0.701974,-0.124500,-0.004844,0.230435,0.054807,0.084593,-0.077696,0.055066,0.084927,0.125952,,,,,,,0.177484,0.020043,0.257329,0.195997,0.034135,0.726902,-0.021692,0.320588,2.656274,-0.024952,0.264313,1.723391,-0.020750,0.109608,0.784183,0.034014,0.093343,1.800282,-0.106010,0.217103,2.857529,-0.078054,0.037563,1.862240,-0.101568,0.101935,0.764580,-0.040955,-0.019342,1.906067,-0.094804,0.304161,2.775278,-0.069584,0.070258,1.895006,-0.023223,0.100386,0.750482,0.023433,-0.063459,1.907117,-0.485736,0.350052,2.663469,-0.519568,0.276593,1.770122,-0.011861,0.141461,0.764941,0.027324,0.060542,1.807832
140,4.666667,-0.567747,0.216126,1,-1,0.396894,0.298393,-0.929099,0.092226,0.047986,0.217576,0.998851,0.998851,0,-0.000227,-0.000180,-0.028560,-0.000196,-0.000051,-0.068275,0.461340,0.390123,0.276489,0.472967,0.464047,0.204191,0.393156,0.388924,0.049926,0.448160,0.448053,0.057956,0.818994,0.692565,0.490836,0.839633,0.823799,0.362489,1.782646,1.763455,0.226374,2.032044,2.031556,0.262783,0.563302,0.220547,0,0,0,3.238260,6.000000,-0.004712,0.003914,-0.986683,-0.004715,-0.000795,-2.431720,0.002204,0.005041,-0.934700,0.004493,-0.001842,-2.218602,0.004196,0.005713,-0.934008,0.010130,-0.002647,-2.217976,0.004677,0.005971,-0.933301,0.015098,-0.003739,-2.216143,-0.002205,0.002763,-0.930015,-0.003725,-0.002483,-2.103717,-0.003435,0.001238,-0.930430,-0.005659,-0.013170,-2.104372,-0.006140,0.001841,-0.930548,-0.006578,-0.023523,-2.105252,-0.010884,-0.005964,-0.853901,-0.008410,0.004180,-2.119099,-0.002730,-0.004893,-0.859728,-0.003321,-0.007309,-1.977397,-0.173208,-0.003591,-0.287599,0.066497,-0.006837,-0.989573,0.017594,-0.000799,-0.652919,-0.037213,-0.085392,-0.575223,,,,,,,0.032075,-0.105804,-0.321942,-0.145409,-0.125847,-0.579271,-0.028090,0.157317,-0.579776,-0.006398,-0.163271,-3.236050,0.016744,0.035958,-1.011391,0.037494,-0.073650,-1.795574,-0.032859,0.305180,-0.601094,0.073151,0.088077,-3.458623,-0.040950,0.048373,-1.045237,0.060618,-0.053562,-1.809817,-0.112753,0.110380,-0.605918,-0.017949,-0.193781,-3.381196,0.009828,0.057474,-1.000383,0.033051,-0.042912,-1.750865,-0.410812,0.424157,-0.584296,0.074924,0.074105,-3.247765,0.017624,0.076030,-0.987441,0.029485,-0.065431,-1.752382
141,4.700000,-0.564248,0.217876,1,-1,0.396852,0.298287,-0.929265,0.091531,0.047840,0.217086,0.998852,0.998852,0,-0.000043,-0.000105,-0.000166,0.000184,0.000075,0.028394,0.468897,0.395671,0.251876,0.479611,0.465996,0.186661,0.401027,0.395649,0.048444,0.456615,0.455042,0.054992,0.796731,0.672308,0.427976,0.814935,0.791800,0.317166,1.819745,1.795341,0.219824,2.071985,2.064848,0.249539,0.588527,0.220376,0,0,0,3.238260,6.000000,-0.000549,0.002455,-0.186152,0.004163,-0.001459,0.800531,0.001565,0.018334,-0.019868,-0.000639,0.013293,0.914832,0.002976,0.023705,-0.020100,-0.001220,0.017992,0.913908,0.003714,0.029635,-0.019017,-0.000963,0.023664,0.914284,0.002379,0.005422,-0.014641,0.004584,0.002659,0.915374,0.004014,0.004027,-0.015979,0.007449,0.002789,0.914451,0.004994,0.004499,-0.017821,0.011134,0.002658,0.912727,-0.002870,-0.000638,-0.015893,0.008014,0.005326,0.838008,0.000320,-0.005642,0.005910,0.003050,-0.000749,0.865638,0.042031,0.002879,1.189254,0.215239,0.006470,1.476853,0.038698,-0.019113,0.367949,0.021104,-0.018314,1.020868,,,,,,,-0.033522,0.063747,-0.249213,-0.065597,0.169551,0.072729,-0.048963,0.300711,-0.004585,-0.020873,0.143394,0.575191,-0.037065,0.185915,-0.527099,-0.053809,0.149957,0.484292,-0.112756,0.080588,-0.062749,-0.079897,-0.224592,0.538345,-0.052711,0.122570,-0.766279,-0.011761,0.074197,0.278958,-0.084615,0.344272,-0.053226,0.028138,0.233892,0.552692,-0.074174,0.264249,-0.796353,-0.084002,0.206775,0.204030,0.053447,-0.037020,-0.044425,0.464259,-0.461177,0.539871,-0.056448,0.302414,-0.534434,-0.074072,0.226384,0.453007
142,4.733333,-0.562485,0.218757,1,-1,0.396830,0.298228,-0.921764,0.092535,0.047763,0.217121,0.998849,0.998849,0,-0.000022,-0.000059,0.007501,0.000021,0.000046,0.007667,0.468508,0.399012,0.230895,0.480490,0.466366,0.168433,0.404049,0.398853,0.047922,0.459806,0.458291,0.053889,0.783299,0.667109,0.386033,0.803331,0.779717,0.281604,1.836732,1.813111,0.217844,2.090193,2.083306,0.244967,0.598122,0.219983,0,0,0,3.238260,6.000000,0.000267,0.002986,0.181711,0.000816,0.000531,0.367863,0.001736,0.010785,0.242940,0.000171,-0.007549,0.262808,0.002257,0.015503,0.242733,-0.000719,-0.008202,0.262833,0.002536,0.020779,0.243203,-0.001178,-0.008856,0.262220,0.001943,0.002340,0.210682,-0.000436,-0.003082,0.225323,0.001803,0.002584,0.210282,-0.002211,-0.001443,0.226261,0.001207,0.004561,0.209416,-0.003787,0.000062,0.227237,-0.001639,-0.000873,0.243410,0.001231,-0.000235,0.259303,0.000278,-0.002699,0.206705,-0.000042,0.002943,0.200795,0.020030,0.014364,0.540417,-0.022001,0.011485,-0.648837,0.018533,-0.021272,0.225728,-0.020165,-0.002159,-0.142221,,,,,,,-0.022937,0.044124,-0.203329,0.010585,-0.019623,0.045884,-0.032009,0.127069,0.379522,0.016954,-0.173642,0.384107,-0.024539,0.086399,-0.184366,0.012526,-0.099516,0.342733,-0.067289,0.041857,0.396291,0.045467,-0.038731,0.459040,-0.031614,0.062084,-0.241680,0.021097,-0.060486,0.524599,-0.047386,0.139661,0.399824,0.037229,-0.204611,0.453050,-0.036802,0.125118,-0.239341,0.037372,-0.139131,0.557012,0.007709,0.028278,0.373485,-0.045738,0.065298,0.417910,-0.032771,0.141222,-0.160616,0.023677,-0.161192,0.373818
143,4.766667,-0.566273,0.216864,1,-1,0.396889,0.294067,-0.868244,0.087499,0.047594,0.219110,0.998786,0.998786,0,0.000060,-0.004161,0.053520,0.000082,-0.004102,0.046018,0.421269,0.412301,0.026501,0.492761,0.486503,0.055054,0.420221,0.410858,0.026069,0.478136,0.470455,0.026079,0.706776,0.691730,0.044462,0.826720,0.816222,0.092365,1.934587,1.891482,0.120015,2.201215,2.165851,0.120061,0.596043,0.217215,0,1,4,3.238260,6.000000,-0.000341,-0.114113,1.852852,-0.000608,-0.117099,1.671141,-0.004836,-0.052874,1.737142,-0.006572,-0.063659,1.494202,-0.006793,-0.051838,1.738245,-0.009050,-0.067341,1.495512,-0.009073,-0.048920,1.737592,-0.011609,-0.069699,1.494389,0.001660,-0.044650,1.873105,-0.000283,-0.046990,1.662423,0.001831,-0.031204,1.873303,0.000028,-0.033788,1.663021,0.013475,-0.013864,1.873137,0.012268,-0.018425,1.663721,-0.000559,-0.123833,1.518086,0.001080,-0.122960,1.274676,0.004163,-0.125858,1.693075,0.003885,-0.123159,1.486370,-0.069399,0.048750,1.061658,-0.089429,0.034386,0.521241,0.217672,0.493062,1.095997,0.199139,0.514334,0.870269,,,,,,,0.375648,0.071016,1.849430,0.398585,0.026892,2.052759,-0.723104,0.633320,8.901735,-0.691095,0.506251,8.522213,-0.016662,0.155523,2.659784,0.007877,0.069124,2.844150,-0.455228,0.575498,9.751625,-0.387939,0.533641,9.355334,-0.005016,0.182181,3.044434,0.026598,0.120097,3.286114,-0.564562,0.794874,9.611351,-0.517176,0.655213,9.211527,-0.031208,0.294571,2.978346,0.005594,0.169453,3.217687,-1.019699,0.763435,8.977636,-1.027408,0.735157,8.604151,-0.028514,0.345570,2.598025,0.004257,0.204348,2.758641
144,4.800000,-0.565787,0.217107,1,-1,0.396919,0.290849,-0.875475,0.085295,0.047647,0.229369,0.998758,0.998758,0,0.000029,-0.003217,-0.007231,-0.000030,0.000944,-0.060750,0.423503,0.421461,0.023821,0.498449,0.499062,0.054580,0.421302,0.418505,0.022858,0.479876,0.478580,0.027487,0.723821,0.720330,0.040713,0.851914,0.852961,0.093285,2.028119,2.014654,0.110036,2.310087,2.303850,0.132319,0.585094,0.207731,0,1,4,3.238260,6.000000,-0.002037,-0.102002,-0.283604,-0.001696,0.012111,-2.136456,-0.002820,-0.071624,-0.266039,0.002016,-0.018750,-2.003181,-0.002232,-0.077154,-0.265662,0.004561,-0.025316,-2.003907,-0.002456,-0.079930,-0.265081,0.006617,-0.031010,-2.002673,0.000108,-0.046543,-0.205758,-0.001552,-0.001893,-2.078863,0.002529,-0.030051,-0.205523,0.000698,0.001153,-2.078826,0.003111,-0.012109,-0.204828,-0.010364,0.001755,-2.077965,-0.000022,-0.102975,-0.257061,0.000537,0.020858,-1.775147,0.001771,-0.090061,-0.176754,-0.002392,0.035797,-1.869829,-0.024199,0.012914,-0.035646,0.045200,-0.035836,-1.097304,0.272108,-0.030683,0.206702,0.054436,-0.523745,-0.889295,,,,,,,0.138427,0.098580,0.415295,-0.237221,0.027564,-1.434135,0.012606,0.096992,0.259430,0.735710,-0.536328,-8.642305,-0.012363,0.131096,0.299374,0.004299,-0.024427,-2.360410,-0.151330,0.173099,0.214376,0.303898,-0.402399,-9.537249,-0.002591,0.132451,0.267153,0.002425,-0.049730,-2.777281,-0.152945,0.025983,0.185689,0.411617,-0.768891,-9.425662,-0.020651,0.168709,0.243866,0.010557,-0.125862,-2.734480,-0.227748,0.210716,0.244431,0.791951,-0.552719,-8.733205,-0.023993,0.190188,0.277217,0.004521,-0.155382,-2.320808
145,4.833333,-0.577657,0.211171,1,-1,0.396625,0.290676,-0.877053,0.087627,0.047574,0.230898,0.998822,0.998822,0,-0.000294,-0.000173,-0.001578,-0.000323,0.003044,0.005653,0.422641,0.417864,0.084330,0.486571,0.497803,0.048656,0.422218,0.414359,0.042385,0.480975,0.475761,0.047340,0.707932,0.699931,0.141255,0.815018,0.833831,0.081500,2.049212,2.011072,0.205713,2.334388,2.309083,0.229762,0.597007,0.206039,0,0,0,3.238260,6.000000,-0.016543,-0.009550,-0.071458,-0.014506,0.092452,0.212146,-0.028903,-0.017665,-0.008959,-0.026083,0.053959,0.257080,-0.033203,-0.020742,-0.007980,-0.030971,0.056412,0.257682,-0.035959,-0.023105,-0.006816,-0.033503,0.056825,0.258265,-0.018341,-0.009660,-0.075840,-0.018449,0.036883,0.129918,-0.012908,-0.005612,-0.076466,-0.015437,0.024439,0.129057,-0.006732,-0.001530,-0.074573,-0.009843,0.010579,0.130255,-0.009244,-0.002589,-0.004728,-0.009222,0.100386,0.252333,-0.008372,-0.007832,-0.089967,-0.010143,0.082229,0.086787,-0.015897,0.155860,0.385139,0.008302,0.142946,0.420785,-0.036385,-0.000234,-0.015382,-0.308493,0.030449,-0.222084,,,,,,,-0.121363,0.532115,0.079483,-0.259790,0.433535,-0.335812,0.023317,-0.017325,-1.640344,0.010711,-0.114317,-1.899774,-0.356689,0.441399,0.111424,-0.344326,0.310303,-0.187950,0.005486,0.081237,-1.947398,0.156816,-0.091862,-2.161774,-0.195118,0.256881,0.095043,-0.192527,0.124430,-0.172110,0.024440,0.007914,-1.907925,0.177385,-0.018069,-2.093614,-0.558463,0.105931,0.078029,-0.537812,-0.062778,-0.165837,0.158837,-0.078591,-1.695698,0.386585,-0.289307,-1.940129,-0.300472,0.072309,0.119296,-0.276479,-0.117879,-0.157921
146,4.866667,-0.563686,0.218157,1,-1,0.395830,0.290575,-0.877471,0.087096,0.047845,0.234389,0.998903,0.998903,0,-0.000794,-0.000101,-0.000418,-0.000500,0.000072,0.001160,0.423769,0.418794,0.099248,0.487812,0.501785,0.061184,0.423238,0.413645,0.048362,0.482318,0.475703,0.056247,0.712487,0.704123,0.166866,0.820163,0.843657,0.102869,2.073390,2.026396,0.236920,2.362814,2.330407,0.275546,0.594774,0.204129,0,0,0,3.238260,6.000000,-0.030092,-0.013376,-0.064124,-0.013549,-0.003826,0.007334,-0.017815,-0.037270,-0.023637,0.011088,-0.019605,-0.014678,-0.013914,-0.038324,-0.023308,0.019289,-0.017582,-0.015328,-0.011196,-0.038100,-0.021919,0.024763,-0.014995,-0.015103,-0.024768,-0.036840,0.001633,-0.006427,-0.027180,0.077473,-0.022914,-0.032817,0.002042,-0.010006,-0.027205,0.078508,-0.021088,-0.024109,0.002423,-0.014356,-0.022579,0.076996,-0.018455,0.001291,-0.024675,-0.009211,0.003880,-0.019947,-0.029190,-0.007373,-0.000374,-0.020818,0.000459,0.089593,-0.014061,0.117001,0.181248,0.001836,-0.038859,-0.203891,-0.004614,0.002244,0.231614,0.031771,0.002478,0.246996,,,,,,,-0.185852,0.147237,0.216115,-0.064489,-0.384878,0.136632,0.016787,-0.023409,-0.176536,-0.006530,-0.006084,1.463808,-0.099856,0.224299,0.208619,0.256833,-0.217100,0.097195,-0.041817,0.016431,-0.185763,-0.047303,-0.064806,1.761635,-0.051423,0.120692,0.265231,0.143695,-0.136189,0.170188,0.019711,0.008005,-0.081543,-0.004729,0.000091,1.826382,-0.159770,0.030522,0.331305,0.398693,-0.075409,0.253276,0.070923,-0.029456,-0.139958,-0.087914,0.049135,1.555740,-0.109545,0.017320,0.239845,0.190927,-0.054989,0.120549
147,4.900000,-0.552471,0.223765,1,-1,0.395286,0.290399,-0.873023,0.086785,0.048422,0.236282,0.998965,0.998965,0,-0.000545,-0.000176,0.004448,0.000249,-0.000075,0.004866,0.426065,0.424040,0.058635,0.497006,0.504709,0.062209,0.426014,0.421554,0.043585,0.486386,0.484492,0.059878,0.718859,0.715442,0.098930,0.838549,0.851546,0.104959,2.078791,2.057029,0.212679,2.373384,2.364143,0.292184,0.592697,0.204934,0,0,0,3.238260,6.000000,-0.035006,-0.020299,0.092624,-0.004914,-0.006923,0.156748,-0.022649,-0.062933,0.078796,-0.004834,-0.025663,0.102433,-0.017408,-0.072733,0.078578,-0.003494,-0.034409,0.101886,-0.015292,-0.076810,0.079497,-0.004096,-0.038710,0.101416,-0.042204,-0.027294,0.097110,-0.017436,0.009546,0.095477,-0.043519,-0.016290,0.097105,-0.020605,0.016527,0.095063,-0.041434,-0.008099,0.096475,-0.020346,0.016010,0.094052,-0.007569,-0.005853,0.122107,0.010886,-0.007144,0.146782,-0.025142,-0.004688,0.144795,0.004048,0.002685,0.145169,0.011778,0.115229,0.110108,0.025839,-0.001772,-0.071140,-0.070746,-0.011036,0.185333,-0.066132,-0.013280,-0.046281,,,,,,,-0.085299,0.046724,-0.053110,0.100553,-0.100513,-0.269225,-0.049775,0.043573,0.785344,-0.066562,0.066982,0.961880,-0.001123,0.209298,-0.443044,0.098733,-0.015001,-0.651663,-0.170923,0.080062,0.849735,-0.129106,0.063631,1.035498,-0.067622,0.144183,-0.437139,-0.016199,0.023491,-0.702370,-0.207537,0.191971,0.968242,-0.227248,0.183966,1.049785,-0.038114,0.259597,-0.455047,0.121656,0.229075,-0.786352,-0.053136,0.036355,0.846182,-0.124059,0.065811,0.986140,-0.030735,0.188026,-0.445399,0.078810,0.170706,-0.685244
148,4.933333,-0.522141,0.238930,1,-1,0.394038,0.290398,-0.859334,0.086736,0.049484,0.239776,0.999027,0.999027,0,-0.001248,-0.000000,0.013688,-0.000703,0.000176,0.009240,0.429686,0.418607,0.088304,0.493677,0.499357,0.055908,0.428638,0.416631,0.053024,0.489144,0.480092,0.054786,0.748454,0.729156,0.153813,0.859918,0.869811,0.097384,2.076990,2.018809,0.256929,2.370172,2.326313,0.265470,0.574098,0.206375,0,0,0,3.238260,6.000000,-0.039314,0.002119,0.375554,-0.004308,0.022418,0.282930,-0.011696,-0.029391,0.353957,0.010953,0.033542,0.275161,-0.005650,-0.027283,0.353816,0.011758,0.045450,0.275238,-0.002496,-0.021994,0.354699,0.012796,0.054816,0.275202,-0.021868,-0.043666,0.382909,0.020336,-0.016372,0.285799,-0.013999,-0.054981,0.383331,0.029520,-0.038691,0.286226,-0.009720,-0.065108,0.382563,0.031714,-0.057009,0.286088,-0.020635,0.001376,0.398866,-0.013066,0.007229,0.276759,-0.054231,-0.001386,0.422428,-0.029089,0.003302,0.277633,0.053675,0.157396,0.073053,0.041897,0.042167,-0.037055,-0.207103,-0.422192,0.685603,-0.136357,-0.411156,0.500270,,,,,,,-0.376529,-0.058218,0.160115,-0.291230,-0.104942,0.213225,-0.150999,0.086008,-0.849495,-0.101224,0.042435,-1.634839,-0.047514,-0.029499,-0.009157,-0.046391,-0.238797,0.433887,-0.063354,0.040575,-0.874670,0.107569,-0.039487,-1.724405,-0.082335,0.006836,0.229263,-0.014713,-0.137347,0.666402,-0.074762,0.108166,-0.687727,0.132775,-0.083805,-1.655969,-0.400386,-0.018611,0.253950,-0.362272,-0.278208,0.708997,-0.194260,0.043058,-0.769234,-0.141124,0.006703,-1.615416,-0.361778,-0.017018,0.032490,-0.331043,-0.205044,0.477889
149,4.966667,-0.485356,0.257322,1,-1,0.392745,0.289910,-0.869328,0.087019,0.050048,0.223545,0.999111,0.999111,0,-0.001293,-0.000489,-0.009994,-0.000046,-0.000488,-0.023683,0.446826,0.406862,0.158254,0.492849,0.485380,0.085629,0.432347,0.406453,0.088694,0.492637,0.471164,0.065761,0.788187,0.717693,0.279155,0.869372,0.856195,0.151047,1.931133,1.815476,0.396165,2.200428,2.104513,0.293729,0.566903,0.223883,0,0,0,3.238260,6.000000,-0.040771,-0.006812,-0.348938,-0.001457,-0.008931,-0.724492,-0.003811,-0.090679,-0.351543,0.007885,-0.061288,-0.705500,0.000483,-0.090081,-0.351759,0.006133,-0.062798,-0.705575,0.001231,-0.080768,-0.352514,0.003727,-0.058774,-0.707213,-0.015479,-0.108435,-0.360419,0.006389,-0.064769,-0.743328,-0.009459,-0.136106,-0.360458,0.004540,-0.081125,-0.743789,-0.008833,-0.169279,-0.360489,0.000887,-0.104171,-0.743052,-0.026253,0.001473,-0.300581,-0.005618,0.000097,-0.699447,-0.051341,-0.030820,-0.299093,0.002890,-0.029434,-0.721521,0.038693,0.026695,0.083606,-0.014982,-0.130701,0.010553,-0.469668,0.160688,0.530587,-0.262565,0.582880,-0.155016,,,,,,,-0.675527,-0.042003,-0.184708,-0.298998,0.016215,-0.344823,0.036258,-0.014559,-2.276151,0.187257,-0.100567,-1.426656,-0.401598,0.071121,-0.965109,-0.354084,0.100620,-0.955952,0.016884,0.048178,-2.723608,0.080238,0.007603,-1.848938,-0.514120,0.053759,-0.884011,-0.431785,0.046923,-1.113274,0.009715,0.085502,-2.784972,0.084477,-0.022664,-2.097245,-1.079657,0.002342,-0.971469,-0.679271,0.020953,-1.225419,0.054561,0.018972,-2.372559,0.248821,-0.024086,-1.603325,-1.030317,0.022112,-0.971646,-0.668539,0.039130,-1.004136
150,5.000000,-0.459613,0.270194,1,-1,0.391636,0.290028,-0.874067,0.086749,0.050744,0.218503,0.999189,0.999189,0,-0.001109,0.000118,-0.004738,0.000185,0.000607,0.005256,0.452517,0.405482,0.177643,0.495143,0.485152,0.108815,0.434104,0.404918,0.096494,0.494327,0.469890,0.081621,0.807070,0.723182,0.316829,0.883094,0.865275,0.194073,1.869250,1.743575,0.415501,2.128569,2.023347,0.351458,0.560691,0.232234,0,0,0,3.238260,6.000000,-0.028903,0.001522,-0.171382,0.011868,0.008334,0.177556,-0.002007,-0.030343,-0.171989,0.001804,0.060336,0.179554,0.000459,-0.025657,-0.171942,-0.000024,0.064424,0.179817,0.003688,-0.017519,-0.172108,0.002457,0.063249,0.180406,-0.013298,-0.053993,-0.162907,0.002181,0.054442,0.197512,-0.010544,-0.071393,-0.162773,-0.001085,0.064713,0.197685,-0.011019,-0.088698,-0.162504,-0.002186,0.080581,0.197985,-0.020201,0.014463,-0.154551,0.006052,0.012990,0.146030,-0.046307,-0.007348,-0.129722,0.005034,0.023472,0.169371,0.028830,0.025712,-0.183899,-0.009863,-0.000983,-0.267505,-0.195617,0.147425,0.130715,0.274051,-0.013263,-0.399872,,,,,,,-0.227372,-0.020381,0.207167,0.448155,0.021622,0.391875,0.022888,-0.012342,-0.526362,-0.013370,0.002217,1.749789,-0.543072,0.090567,-0.012740,-0.141474,0.019446,0.952369,0.012850,0.020807,-0.541844,-0.004034,-0.027371,2.181764,-0.152069,0.018166,-0.076833,0.362051,-0.035593,0.807178,0.019441,0.035645,-0.590524,0.009726,-0.049857,2.194448,-0.217262,0.005978,-0.047885,0.862395,0.003636,0.923584,0.045565,0.006693,-0.547124,-0.008996,-0.012279,1.825435,-0.233848,0.021565,-0.013944,0.796469,-0.000547,0.957702
151,5.033333,-0.465075,0.267463,1,-1,0.391307,0.291276,-0.902678,0.089979,0.050542,0.206572,0.999258,0.999258,0,-0.000329,0.001248,-0.028612,0.000780,0.001130,-0.023874,0.460178,0.406283,0.187752,0.495119,0.484249,0.118250,0.431680,0.406275,0.095168,0.492327,0.471744,0.081106,0.762080,0.672827,0.310928,0.819945,0.801943,0.195829,1.764352,1.660521,0.388969,2.012229,1.928102,0.331495,0.603844,0.244667,0,0,0,3.238260,6.000000,-0.014459,0.020136,-1.085476,0.014444,0.018614,-0.914094,-0.020304,0.000522,-0.819000,-0.018297,0.030865,-0.647011,-0.013407,-0.001068,-0.817553,-0.013866,0.024589,-0.645611,-0.007831,-0.002317,-0.815603,-0.011519,0.015202,-0.643495,-0.032556,0.003339,-0.907021,-0.019258,0.057332,-0.744114,-0.036356,0.003625,-0.907774,-0.025812,0.075018,-0.745001,-0.042377,0.014971,-0.907345,-0.031358,0.103669,-0.744841,-0.008791,0.059093,-0.797094,0.011410,0.044630,-0.642543,-0.010903,0.015841,-0.919611,0.035404,0.023189,-0.789889,0.000629,0.066600,0.050860,-0.028201,0.040888,0.234759,-0.114411,0.829647,-1.200773,0.081206,0.682222,-1.331488,,,,,,,0.124279,0.617917,-1.525548,0.351651,0.638298,-1.732715,0.040262,-0.023233,-1.608590,0.017374,-0.010891,-1.082228,0.107098,0.029029,-1.185955,0.650170,-0.061538,-1.173215,0.010155,-0.012801,-1.763645,-0.002695,-0.033608,-1.221801,0.044553,0.014933,-1.566151,0.196622,-0.003233,-1.489318,0.027142,-0.063978,-1.808013,0.007701,-0.099623,-1.217489,0.077280,0.056246,-1.427200,0.294542,0.050268,-1.379315,0.035883,-0.023380,-1.676540,-0.009682,-0.030073,-1.129416,0.129496,0.088960,-1.151447,0.363344,0.067395,-1.137503
152,5.066667,-0.462722,0.268639,1,-1,0.390829,0.291544,-0.900984,0.089553,0.050688,0.214628,0.999305,0.999305,0,-0.000478,0.000267,0.001694,-0.000149,-0.000981,0.030306,0.475698,0.415322,0.204018,0.500584,0.489093,0.142420,0.430930,0.415066,0.081836,0.491674,0.480197,0.081042,0.783481,0.684041,0.336021,0.824468,0.805543,0.234568,1.824697,1.757525,0.346518,2.081908,2.033311,0.343157,0.607160,0.236165,0,0,0,3.238260,6.000000,-0.013927,0.001063,0.035119,0.000532,-0.019073,1.120595,-0.010937,-0.002344,0.056478,0.009367,-0.002866,0.875478,-0.007438,-0.002283,0.055584,0.005969,-0.001215,0.873137,-0.005247,-0.002089,0.054971,0.002584,0.000228,0.870574,-0.016910,0.001899,0.064799,0.015646,-0.001440,0.971820,-0.020551,0.004563,0.065045,0.015805,0.000938,0.972819,-0.026359,0.006361,0.064509,0.016018,-0.008610,0.971854,-0.010851,0.015457,0.041610,-0.002060,-0.043636,0.838704,-0.017868,0.000529,0.060055,-0.006965,-0.015312,0.979666,-0.006038,-0.001594,0.191026,-0.006667,-0.068194,0.140166,0.241783,-0.070671,-0.027700,0.356194,-0.900318,1.173073,,,,,,,0.083532,0.317795,0.067434,-0.040747,-0.300122,1.592982,0.015932,-0.037424,-1.103354,-0.024330,-0.014191,0.505236,0.076893,0.024063,-0.171524,-0.030205,-0.004966,1.014431,0.007487,-0.015938,-1.147209,-0.002668,-0.003137,0.616436,0.091113,0.102890,-0.356491,0.046560,0.087957,1.209660,0.020227,-0.035725,-1.210392,-0.006915,0.028253,0.597621,0.452699,0.147241,-0.459155,0.375419,0.090995,0.968045,0.024412,-0.013545,-1.123792,-0.011471,0.009835,0.552748,0.773832,0.537381,-0.232447,0.644336,0.448421,0.919000
153,5.100000,-0.457190,0.271405,1,-1,0.390340,0.291710,-0.886975,0.085784,0.050938,0.225001,0.999320,0.999320,0,-0.000489,0.000166,0.014009,-0.000011,-0.000101,0.012314,0.479291,0.433274,0.328213,0.502928,0.528220,0.238912,0.430153,0.419857,0.079723,0.490943,0.485009,0.080789,0.805106,0.727808,0.551328,0.844812,0.887298,0.401321,1.900039,1.854562,0.352149,2.168556,2.142347,0.356855,0.595313,0.226392,0,1,4,3.238260,6.000000,-0.011825,-0.000026,0.575847,0.002102,-0.001089,0.540728,-0.003438,-0.007616,0.421692,0.007499,-0.005272,0.365214,-0.000536,-0.007878,0.420481,0.006902,-0.005595,0.364897,0.000294,-0.009388,0.417824,0.005541,-0.007299,0.362853,-0.014264,-0.005024,0.525248,0.002646,-0.006923,0.460449,-0.019160,-0.003540,0.526557,0.001391,-0.008103,0.461512,-0.023846,-0.004270,0.527297,0.002513,-0.010631,0.462788,-0.010125,0.009500,0.348181,0.000726,-0.005957,0.306571,-0.019208,0.000491,0.492321,-0.001340,-0.000038,0.432266,-0.014884,-0.042839,-0.107106,-0.008846,-0.041245,-0.298132,0.292616,-0.071719,0.155727,0.050833,-0.001048,0.183427,,,,,,,0.162693,-0.036296,2.136419,0.079161,-0.354091,2.068985,-0.015242,-0.033653,0.734491,-0.031174,0.003771,1.837845,0.020750,-0.008394,3.966202,-0.056143,-0.032457,4.137726,-0.010874,0.011149,0.651054,-0.018361,0.027087,1.798263,0.005577,0.046082,4.187445,-0.085536,-0.056808,4.543936,0.002173,-0.030409,0.122391,-0.018054,0.005316,1.332783,0.102900,0.118909,4.067305,-0.349799,-0.028332,4.526460,-0.021740,-0.004157,0.530983,-0.046152,0.009388,1.654775,0.009915,-0.012015,3.948900,-0.763917,-0.549396,4.181347
154,5.133333,-0.452651,0.273675,1,-1,0.389975,0.291835,-0.878431,0.085272,0.051133,0.230105,0.999334,0.999334,0,-0.000365,0.000126,0.008544,0.000124,-0.000040,-0.005464,0.473042,0.437350,0.320731,0.500077,0.532212,0.252342,0.429514,0.422576,0.078710,0.490367,0.487792,0.080530,0.799683,0.739344,0.542199,0.845385,0.899709,0.426586,1.932866,1.901641,0.354204,2.206711,2.195123,0.362395,0.591537,0.222216,0,0,0,3.238260,6.000000,-0.008153,-0.001252,0.319734,0.003672,-0.001226,-0.256113,-0.001224,-0.009748,0.271761,0.002214,-0.002132,-0.149931,0.000089,-0.009434,0.271236,0.000625,-0.001556,-0.149245,0.000384,-0.009767,0.270188,0.000090,-0.000379,-0.147636,-0.008540,-0.007708,0.287871,0.005724,-0.002684,-0.237377,-0.011782,-0.006412,0.288339,0.007378,-0.002872,-0.238218,-0.014349,-0.007012,0.288650,0.009497,-0.002742,-0.238647,-0.007438,0.007284,0.244580,0.002687,-0.002216,-0.103601,-0.014483,0.000252,0.268080,0.004725,-0.000239,-0.224241,-0.017152,-0.031461,0.010385,-0.002268,0.011378,0.117491,0.118102,-0.036231,0.081611,-0.174514,0.035488,-0.074116,,,,,,,0.128832,-0.036889,0.369133,-0.033861,-0.000593,-1.767286,-0.004731,-0.023637,0.012580,0.010511,0.010016,-0.721911,0.026952,-0.003836,0.441892,0.006202,0.004558,-3.524310,-0.006012,0.007662,0.258901,0.004862,-0.003487,-0.392153,0.007507,0.029138,0.451046,0.001930,-0.016944,-3.736399,0.000406,-0.024068,0.651948,-0.001767,0.006341,0.529557,0.059420,0.067014,0.428136,-0.043480,-0.051895,-3.639169,-0.011076,-0.004027,0.212635,0.010664,0.000130,-0.318348,0.000921,-0.000016,0.428452,-0.008994,0.011999,-3.520448
155,5.166667,-0.452793,0.273604,1,-1,0.389920,0.293005,-0.898972,0.080934,0.051035,0.230920,0.999361,0.999361,0,-0.000055,0.001170,-0.020541,0.000310,0.001045,-0.029085,0.445246,0.463002,0.304167,0.489204,0.564025,0.231739,0.427050,0.431700,0.080448,0.488429,0.497463,0.079128,0.794013,0.825676,0.542424,0.872403,1.005833,0.413262,1.932286,1.953326,0.364006,2.210007,2.250885,0.358031,0.560754,0.221008,0,0,0,3.238260,6.000000,-0.004653,0.022046,-0.565844,0.003500,0.023298,-0.885578,-0.001115,0.000685,-0.700724,0.000109,0.010433,-0.972485,-0.000051,0.000916,-0.699264,-0.000140,0.010350,-0.970500,0.000266,0.000824,-0.699783,-0.000118,0.010591,-0.969971,-0.011560,0.007982,-0.575443,-0.003020,0.015690,-0.863314,-0.017794,0.012661,-0.576101,-0.006012,0.019073,-0.864440,-0.020882,0.015632,-0.575318,-0.006533,0.022644,-0.863968,-0.004104,0.028986,-0.697584,0.003334,0.021702,-0.942164,0.000832,0.041193,-0.534843,0.015315,0.040941,-0.802923,-0.003629,-0.285944,-1.021277,0.013523,-0.254483,-1.031662,0.150160,-0.050175,-0.035866,0.032058,-0.013944,-0.117477,,,,,,,0.078111,-0.055014,0.768369,-0.050721,-0.018125,0.399236,-0.049524,-0.054070,1.683946,-0.044793,-0.030433,1.671366,0.073125,0.000029,1.043830,0.046173,0.003865,0.601938,-0.033512,0.000978,1.775163,-0.027500,-0.006684,1.516262,-0.062864,0.009395,1.173170,-0.070371,-0.019743,0.722124,-0.068775,-0.012801,1.550431,-0.069181,0.011267,0.898483,0.008901,0.318831,1.022801,-0.050519,0.251817,0.594665,-0.116220,-0.016690,1.623411,-0.105144,-0.012663,1.410776,0.035856,0.070413,0.983362,0.034935,0.070429,0.554910
156,5.200000,-0.453864,0.273068,1,-1,0.389939,0.294972,-0.898227,0.081281,0.051045,0.236405,0.999393,0.999393,0,0.000019,0.001967,0.000744,0.000074,0.000797,0.021285,0.429499,0.467100,0.249884,0.486771,0.568195,0.181722,0.424140,0.435459,0.080303,0.485813,0.501469,0.075045,0.771664,0.839220,0.448956,0.874562,1.020854,0.326494,1.964318,2.016740,0.371905,2.249944,2.322453,0.347558,0.556588,0.215922,0,0,0,3.238260,6.000000,0.000092,0.050804,0.031157,0.004745,0.028758,0.597001,-0.000133,0.031352,0.018094,0.000982,0.030667,0.718818,0.000171,0.032452,0.017942,0.000222,0.031536,0.717206,0.000862,0.033958,0.018425,0.000596,0.033134,0.718208,-0.003770,0.033897,0.014954,0.007790,0.025915,0.590397,-0.005226,0.038633,0.014935,0.012568,0.025972,0.591036,-0.004915,0.042975,0.015067,0.015967,0.027343,0.590385,-0.000097,0.054114,0.028900,0.004007,0.025128,0.726484,0.001232,0.063914,0.015745,0.000400,0.022721,0.550588,-0.070434,0.001773,-0.009526,-0.066805,0.287717,1.011751,0.097430,-0.005434,0.061460,-0.052730,0.044741,0.097326,,,,,,,0.135200,-0.012081,0.134858,0.057089,0.042933,-0.633511,-0.142577,-0.003179,1.631235,-0.093053,0.050891,-0.052711,0.050578,-0.005230,0.062031,-0.022547,-0.005259,-0.981799,-0.025758,0.002350,1.765373,0.007754,0.001372,-0.009790,0.000857,-0.002385,0.085784,0.063721,-0.011780,-1.087386,-0.053192,-0.011294,1.772801,0.015583,0.001507,0.222370,0.045986,0.162951,0.071604,0.037085,-0.155880,-0.951197,-0.070134,-0.012335,1.652007,0.046086,0.004355,0.028596,0.044920,0.063252,0.053025,0.009064,-0.007161,-0.930337
157,5.233333,-0.456554,0.271723,1,-1,0.389749,0.297798,-0.888119,0.080801,0.050376,0.236791,0.999431,0.999431,0,-0.000190,0.002826,0.010108,-0.000209,0.000859,0.009364,0.423502,0.472280,0.243097,0.486048,0.573817,0.178606,0.421490,0.432486,0.075810,0.483087,0.498296,0.073160,0.775605,0.864938,0.445210,0.890153,1.050894,0.327101,1.981190,2.032874,0.356342,2.270719,2.342208,0.343885,0.546028,0.212746,0,0,0,3.238260,6.000000,0.000190,0.082762,0.404277,0.000098,0.031958,0.373120,-0.003474,0.127956,0.333547,-0.003341,0.096604,0.315453,-0.003483,0.154103,0.333971,-0.003654,0.121651,0.316029,-0.002115,0.175640,0.333905,-0.002977,0.141682,0.315480,-0.002429,0.061651,0.339063,0.001341,0.027754,0.324109,-0.001718,0.047377,0.339546,0.003508,0.008744,0.324611,-0.001424,0.038373,0.340185,0.003491,-0.004602,0.325118,-0.012288,0.107794,0.302047,-0.012191,0.053680,0.273147,0.000889,0.061776,0.304431,-0.000343,-0.002138,0.288686,-0.045227,0.030676,0.041484,0.025207,0.028903,0.051010,0.026720,-0.037521,0.345161,-0.070710,-0.032087,0.283701,,,,,,,0.158388,-0.027784,0.725952,0.023188,-0.015703,0.591094,-0.069106,-0.003970,0.964272,0.073471,-0.000791,-0.666963,0.015730,-0.012199,0.887212,-0.034848,-0.006969,0.825181,-0.009538,0.045020,1.058376,0.016220,0.042670,-0.706997,-0.066896,-0.008619,0.988340,-0.067753,-0.006234,0.902556,-0.018155,0.001355,1.095559,0.035037,0.012649,-0.677242,0.110634,-0.046068,0.925924,0.064648,-0.209019,0.854320,-0.036643,-0.005676,0.995412,0.033491,0.006659,-0.656595,0.006748,-0.025229,0.861089,-0.038172,-0.088481,0.808064
158,5.266667,-0.456303,0.271849,1,-1,0.389574,0.301435,-0.892442,0.081064,0.049846,0.238481,0.999476,0.999476,0,-0.000175,0.003637,-0.004323,0.000014,0.000811,-0.014431,0.424017,0.464692,0.253051,0.482243,0.566213,0.186158,0.419277,0.428580,0.071197,0.481112,0.494477,0.070907,0.775050,0.849400,0.462546,0.881481,1.034968,0.340274,2.005979,2.050489,0.340632,2.301819,2.365765,0.339248,0.547083,0.209014,0,0,0,3.238260,6.000000,0.000283,0.100121,-0.172829,0.000093,0.017359,-0.577106,0.000112,0.088412,-0.135738,0.003586,-0.039544,-0.469285,0.000656,0.112299,-0.135065,0.004139,-0.041804,-0.469036,0.001751,0.137253,-0.133901,0.003866,-0.038387,-0.467806,-0.000199,0.034323,-0.144331,0.002230,-0.027328,-0.483394,-0.000171,0.022097,-0.144276,0.001547,-0.025280,-0.483822,-0.000409,0.014843,-0.143734,0.001015,-0.023530,-0.483919,-0.011165,0.125249,-0.118380,0.001123,0.017455,-0.420427,0.000668,0.092986,-0.140988,-0.000221,0.031210,-0.445419,-0.067068,0.047587,0.012774,-0.021841,0.016911,-0.028710,0.025842,-0.016667,-0.068427,-0.000878,0.020854,-0.413588,,,,,,,0.030106,-0.108876,-0.428513,-0.128282,-0.081092,-1.154465,-0.093117,-0.004925,-0.753645,-0.024011,-0.000955,-1.717917,0.017711,-0.011571,-0.477929,0.001981,0.000628,-1.365141,-0.029424,0.003716,-0.839984,-0.019886,-0.041304,-1.898360,0.003149,-0.030085,-0.487617,0.070045,-0.021466,-1.475957,-0.049880,0.057673,-0.789592,-0.031725,0.056318,-1.885151,0.056121,-0.034584,-0.433937,-0.054513,0.011484,-1.359861,-0.076023,-0.000538,-0.759798,-0.039380,0.005138,-1.755210,-0.031085,-0.016503,-0.450205,-0.037833,0.008726,-1.311294
159,5.300000,-0.452252,0.273874,1,-1,0.389324,0.304984,-0.876071,0.081841,0.049509,0.238262,0.999502,0.999502,0,-0.000250,0.003549,0.016371,-0.000074,-0.000089,0.020693,0.424877,0.450370,0.246944,0.476510,0.548528,0.183825,0.415638,0.425073,0.069591,0.476406,0.489838,0.068726,0.759189,0.804742,0.441250,0.851450,0.980136,0.328466,2.000274,2.045677,0.334910,2.292721,2.357361,0.330746,0.559645,0.207791,0,0,0,3.238260,6.000000,-0.004155,0.137703,0.436866,-0.004438,0.037582,0.609695,-0.000054,0.119357,0.557889,-0.000166,0.030945,0.693627,0.000813,0.129348,0.557204,0.000157,0.017049,0.692269,0.002558,0.138063,0.557935,0.000807,0.000810,0.691836,-0.004123,0.078674,0.521573,-0.003924,0.044351,0.665904,-0.002251,0.063839,0.522253,-0.002080,0.041742,0.666529,-0.000150,0.051157,0.522341,0.000259,0.036314,0.666075,-0.010872,0.122256,0.509736,0.000293,-0.002993,0.628116,-0.004156,0.090674,0.472550,-0.004824,-0.002312,0.613538,-0.019781,0.027298,0.710283,0.047287,-0.020289,0.697509,0.003439,-0.007818,0.288548,-0.022403,0.008849,0.356975,,,,,,,0.115298,-0.028385,-0.072788,0.085192,0.080491,0.355725,-0.024605,-0.001593,-0.310700,0.068512,0.003332,0.442945,0.014290,-0.054399,-0.359640,-0.003421,-0.042828,0.118289,-0.009291,0.001763,-0.345885,0.020133,-0.001953,0.494099,-0.014727,-0.042477,-0.438015,-0.017876,-0.012392,0.049602,-0.028625,-0.006031,-0.255699,0.021255,-0.063704,0.533893,0.022352,-0.014706,-0.432524,-0.033769,0.019878,0.001413,0.017041,0.019407,-0.289816,0.093064,0.019945,0.469982,0.034034,-0.019510,-0.373508,0.065119,-0.003007,0.076697
160,5.333333,-0.449734,0.275133,1,-1,0.389214,0.307071,-0.869870,0.082342,0.049340,0.239170,0.999530,0.999530,0,-0.000110,0.002088,0.006201,0.000140,-0.001461,-0.010170,0.425235,0.443768,0.243618,0.473616,0.539986,0.181010,0.413378,0.422962,0.067768,0.473615,0.487109,0.067103,0.756213,0.789171,0.433235,0.842251,0.960280,0.321898,2.003802,2.050257,0.328499,2.295791,2.361201,0.325273,0.562322,0.206297,0,0,0,3.238260,6.000000,-0.002155,0.078773,0.164679,0.002000,-0.058930,-0.272187,0.000003,0.066411,0.202889,0.000057,-0.052946,-0.355000,0.000911,0.068782,0.202598,0.000098,-0.060566,-0.354606,0.002272,0.070562,0.202791,-0.000286,-0.067501,-0.355144,-0.002038,0.053568,0.184046,0.002085,-0.025106,-0.337527,-0.000763,0.048095,0.184008,0.001488,-0.015744,-0.338245,0.000208,0.042785,0.183803,0.000358,-0.008372,-0.338538,-0.005173,0.069842,0.197344,0.005699,-0.052414,-0.312392,-0.001442,0.055384,0.174682,0.002714,-0.035290,-0.297868,-0.019096,0.029444,0.223858,0.000685,0.002146,-0.486425,0.003579,-0.025118,0.119678,0.000140,-0.017300,-0.168870,,,,,,,0.061516,-0.013561,-0.090104,-0.053782,0.014824,-0.017316,-0.016258,-0.001627,-0.153311,0.008347,-0.000034,0.157389,0.010649,-0.042191,-0.224724,-0.003641,0.012208,0.134916,-0.008157,-0.001189,-0.128167,0.001134,-0.002952,0.217718,-0.002203,-0.035641,-0.258030,0.012524,0.006836,0.179985,-0.023915,-0.003283,-0.161882,0.004710,0.002748,0.093817,0.032127,-0.016496,-0.249866,0.009775,-0.001790,0.182658,0.013032,0.025828,-0.152770,-0.004009,0.006421,0.137046,0.031457,-0.032167,-0.227913,-0.002577,-0.012657,0.145595
161,5.366667,-0.438158,0.280921,1,-1,0.388758,0.309480,-0.868854,0.081932,0.049543,0.239800,0.999519,0.999519,0,-0.000456,0.002408,0.001016,-0.000346,0.000321,-0.005184,0.469602,0.447092,0.402837,0.485380,0.546805,0.326394,0.406243,0.417319,0.073936,0.465766,0.481355,0.070716,0.848458,0.807788,0.727830,0.876965,0.987945,0.589715,1.966312,2.019923,0.357868,2.254418,2.329874,0.342284,0.553477,0.206601,0,1,4,3.238260,6.000000,-0.007894,0.068927,0.023772,-0.005739,-0.009846,-0.140907,0.004175,0.072978,0.001751,0.004172,0.006567,-0.201138,0.013388,0.087025,0.001293,0.012477,0.018243,-0.201305,0.020864,0.091972,0.000556,0.018592,0.021410,-0.202235,-0.008011,0.024734,0.015362,-0.005973,-0.028834,-0.168684,-0.017439,0.009212,0.017034,-0.016676,-0.038883,-0.166974,-0.024554,0.000714,0.019131,-0.024762,-0.042071,-0.164672,-0.010155,0.077567,0.020481,-0.004982,0.007725,-0.176863,-0.017187,0.066950,0.040503,-0.015745,0.011566,-0.134179,0.009547,-0.039801,-0.240681,0.028643,-0.069245,-0.464539,-0.005545,-0.049574,0.048594,-0.009124,-0.024456,-0.071084,,,,,,,0.063382,-0.085766,0.449241,0.001866,-0.072205,0.539345,0.178950,-0.105808,-3.703932,0.195208,-0.104181,-3.550621,0.004365,-0.094775,0.811894,-0.006284,-0.052584,1.036618,0.046054,-0.035575,-4.070399,0.054211,-0.034386,-3.942232,-0.016311,-0.015047,0.805963,-0.014108,0.020594,1.063993,0.156280,-0.266840,-4.045131,0.180195,-0.263557,-3.883249,0.029136,-0.122159,0.814630,-0.002991,-0.105663,1.064496,0.194651,-0.445740,-3.741707,0.181619,-0.471568,-3.588937,0.006394,-0.178496,0.814328,-0.025063,-0.146329,1.042241
162,5.400000,-0.427018,0.286491,1,-1,0.388402,0.311034,-0.870073,0.082060,0.049745,0.240747,0.999504,0.999504,0,-0.000356,0.001554,-0.001219,0.000100,-0.000854,-0.002235,0.478420,0.443483,0.423946,0.488073,0.542996,0.348116,0.401697,0.414740,0.076888,0.460856,0.478751,0.074119,0.872178,0.808487,0.772869,0.889776,0.989903,0.634629,1.944084,2.007207,0.372111,2.230392,2.316999,0.358713,0.548535,0.206626,0,0,0,3.238260,6.000000,-0.005313,0.041572,-0.041488,0.002581,-0.027355,-0.065260,0.006177,0.046640,-0.045174,0.002002,-0.026338,-0.046925,0.015315,0.054876,-0.045227,0.001927,-0.032149,-0.046520,0.021157,0.058061,-0.045397,0.000293,-0.033911,-0.045953,-0.005093,0.016011,-0.045197,0.002918,-0.008723,-0.060559,-0.012069,0.005355,-0.044702,0.005370,-0.003857,-0.061736,-0.017763,0.000492,-0.044053,0.006791,-0.000222,-0.063184,-0.007259,0.051556,-0.036451,0.002896,-0.026011,-0.056932,-0.014110,0.041655,-0.036711,0.003077,-0.025295,-0.077214,0.002736,-0.017223,-0.207141,-0.006811,0.022578,0.033540,-0.004264,-0.029667,-0.046928,0.001281,0.019907,-0.095522,,,,,,,0.062231,-0.050175,-0.023153,-0.001151,0.035591,-0.472394,0.090382,-0.082718,-0.751204,-0.088568,0.023090,2.952728,0.004810,-0.019357,-0.106423,0.000445,0.075418,-0.918317,0.124805,-0.042763,-0.775366,0.078751,-0.007188,3.295033,-0.003614,-0.018609,-0.160711,0.012697,-0.003562,-0.966674,0.074658,-0.160720,-0.765163,-0.081622,0.106120,3.279968,0.040108,-0.053805,-0.137542,0.010972,0.068354,-0.952172,0.089090,-0.224574,-0.750723,-0.105561,0.221166,2.990984,0.054753,-0.080792,-0.103358,0.048359,0.097704,-0.917686
163,5.433333,-0.421219,0.289390,1,-1,0.388018,0.311076,-0.887496,0.083513,0.049801,0.242018,0.999502,0.999502,0,-0.000384,0.000043,-0.017423,-0.000028,-0.001511,-0.016204,0.462244,0.442490,0.393718,0.476536,0.543065,0.326468,0.399517,0.414940,0.076596,0.458476,0.478808,0.075711,0.819151,0.784144,0.697714,0.844478,0.962375,0.578541,1.941551,2.016500,0.372236,2.228073,2.326885,0.367936,0.564296,0.205772,0,0,0,3.238260,6.000000,-0.008031,-0.001196,-0.624785,-0.002718,-0.042768,-0.583297,0.001237,0.013070,-0.507588,-0.004940,-0.033570,-0.462414,0.005330,0.014419,-0.507520,-0.009985,-0.040457,-0.462293,0.007716,0.011805,-0.507472,-0.013441,-0.046256,-0.462075,-0.010764,0.000856,-0.553338,-0.005671,-0.015155,-0.508141,-0.019109,-0.001704,-0.552104,-0.007040,-0.007059,-0.507402,-0.022340,-0.011558,-0.550334,-0.004577,-0.012050,-0.506281,-0.010693,0.001238,-0.496039,-0.003434,-0.050318,-0.459588,-0.012335,0.001346,-0.549300,0.001775,-0.040309,-0.512589,-0.023411,-0.001277,-0.014808,-0.026147,0.015946,0.192333,-0.002947,-0.017690,-0.534135,0.001317,0.011977,-0.487207,,,,,,,0.027976,0.034661,-0.515465,-0.034255,0.084836,-0.492312,0.034198,-0.041057,0.272555,-0.056184,0.041661,1.023759,0.005722,-0.002714,-0.404427,0.000912,0.016643,-0.298004,0.001507,-0.145943,0.279261,-0.123298,-0.103180,1.054627,-0.005334,-0.008481,-0.649102,-0.001720,0.010128,-0.488391,0.030343,-0.099839,0.298015,-0.044315,0.060881,1.063178,0.091928,-0.030407,-0.623601,0.051820,0.023398,-0.486059,0.037792,-0.104964,0.267262,-0.051298,0.119610,1.017985,0.074946,-0.029186,-0.411787,0.020193,0.051606,-0.308429
164,5.466667,-0.416741,0.291629,1,-1,0.387799,0.310995,-0.893083,0.083870,0.049824,0.242756,0.999505,0.999505,0,-0.000219,-0.000081,-0.005587,0.000165,-0.000123,0.011835,0.449609,0.442970,0.372298,0.469185,0.543726,0.308824,0.398130,0.414835,0.076963,0.456980,0.478651,0.076530,0.789261,0.777606,0.653546,0.823625,0.954477,0.542121,1.939794,2.021186,0.374982,2.226526,2.332115,0.372874,0.569658,0.205243,0,0,0,3.238260,6.000000,-0.005978,-0.003509,-0.168659,0.002053,-0.002313,0.456126,0.000900,0.003908,-0.161614,-0.000337,-0.009162,0.345974,0.003915,0.003032,-0.161496,-0.001415,-0.011387,0.346024,0.005563,0.000490,-0.161462,-0.002153,-0.011315,0.346010,-0.008090,0.000689,-0.171872,0.002674,-0.000167,0.381466,-0.012991,-0.000498,-0.172037,0.006118,0.001206,0.380067,-0.014368,-0.004422,-0.172166,0.007972,0.007136,0.378168,-0.006278,-0.003519,-0.161224,0.004415,-0.004757,0.334815,-0.006860,-0.001348,-0.174056,0.005475,-0.002694,0.375244,-0.013631,-0.000858,-0.005219,0.009780,0.000419,0.009589,-0.001072,-0.011221,-0.183982,0.001875,0.006469,0.350153,,,,,,,0.009984,0.037898,-0.114339,-0.017992,0.003237,0.401126,0.018666,-0.022243,0.510476,-0.015532,0.018814,0.237921,0.004886,-0.001831,-0.040832,-0.000836,0.000883,0.363595,-0.000392,-0.082662,0.550504,-0.001899,0.063281,0.271243,-0.008894,-0.004410,-0.116011,-0.003560,0.004071,0.533091,0.015839,-0.064593,0.540193,-0.014504,0.035246,0.242178,0.035402,-0.021508,-0.117942,-0.056526,0.008899,0.505659,0.022539,-0.059584,0.510619,-0.015253,0.045380,0.243357,0.026359,-0.021282,-0.022922,-0.048587,0.007904,0.388865
165,5.500000,-0.411921,0.294039,1,-1,0.387445,0.310963,-0.890227,0.083785,0.049398,0.236845,0.999548,0.999548,0,-0.000354,-0.000033,0.002856,-0.000135,0.000048,0.008444,0.478959,0.416868,0.377535,0.484662,0.512340,0.302667,0.398776,0.404416,0.090940,0.457441,0.468980,0.080508,0.855193,0.744328,0.674099,0.865376,0.914795,0.540419,1.911967,1.939009,0.436021,2.193240,2.248567,0.386002,0.560060,0.208568,0,0,0,3.238260,6.000000,-0.005552,0.000198,0.008778,0.000426,0.003707,0.177437,-0.000200,0.009623,0.063747,-0.001100,0.005715,0.225361,0.000048,0.008613,0.064575,-0.003867,0.005581,0.226071,0.000147,0.006472,0.065956,-0.005416,0.005982,0.227418,-0.001853,0.003583,0.060586,0.006237,0.002894,0.232458,-0.000232,0.000233,0.059661,0.012759,0.000731,0.231698,0.000572,-0.001731,0.059164,0.014940,0.002691,0.231330,-0.016980,-0.000416,0.088808,-0.010702,0.003103,0.250032,-0.004236,-0.001566,0.082610,0.002624,-0.000218,0.256666,0.074683,0.013075,0.143824,0.088314,0.013933,0.149043,-0.045655,-0.006353,0.492602,-0.044583,0.004868,0.676584,,,,,,,-0.333276,0.003769,-0.301841,-0.343260,-0.034129,-0.187502,0.096406,0.009508,-1.394910,0.077740,0.031751,-1.905386,-0.110717,-0.006208,-1.617758,-0.115603,-0.004377,-1.576926,0.044585,-0.000951,-1.732346,0.044977,0.081711,-2.282850,-0.266497,-0.000299,-1.466169,-0.257603,0.004111,-1.350158,0.022239,0.001729,-1.605885,0.006400,0.066322,-2.146078,-0.568435,-0.134731,-1.541015,-0.603837,-0.113223,-1.423073,0.061898,0.021758,-1.394024,0.039359,0.081342,-1.904643,-0.605368,-0.054556,-1.661496,-0.631727,-0.033274,-1.638574
166,5.533333,-0.406136,0.296932,1,-1,0.387084,0.310945,-0.890751,0.083565,0.049054,0.231445,0.999584,0.999584,0,-0.000362,-0.000018,-0.000524,-0.000008,0.000015,-0.003381,0.498121,0.409337,0.394793,0.496722,0.502602,0.315211,0.399415,0.400238,0.093856,0.457932,0.464879,0.082910,0.891181,0.732340,0.706318,0.888678,0.899197,0.563940,1.884486,1.888370,0.442822,2.160578,2.193353,0.391181,0.558945,0.211949,0,0,0,3.238260,6.000000,-0.006654,0.000518,-0.017592,-0.001102,0.000320,-0.026370,-0.000590,0.006470,-0.030933,-0.000390,-0.003153,-0.094680,-0.000202,0.004593,-0.030777,-0.000250,-0.004020,-0.095352,0.000069,0.002048,-0.030465,-0.000078,-0.004424,-0.096421,-0.001557,0.003882,-0.028907,0.000296,0.000299,-0.089493,-0.000034,0.000873,-0.029780,0.000198,0.000640,-0.089441,0.001357,-0.000204,-0.030931,0.000785,0.001527,-0.090095,-0.015982,0.000237,-0.016057,0.000998,0.000653,-0.104865,-0.005743,-0.001293,-0.015398,-0.001507,0.000273,-0.098008,0.072496,0.019192,-0.007010,-0.002187,0.006117,-0.150834,-0.050958,-0.004751,0.070188,-0.005303,0.001602,-0.422414,,,,,,,-0.180970,0.028882,-0.333087,0.152306,0.025113,-0.031246,0.055223,0.008447,-0.929391,-0.041183,-0.001061,0.465519,-0.062141,-0.001409,-0.558935,0.048576,0.004799,1.058823,0.037013,0.000018,-1.005857,-0.007572,0.000969,0.726489,-0.106850,0.001025,-0.490521,0.159647,0.001324,0.975648,0.015421,0.005870,-0.986352,-0.006818,0.004141,0.619533,-0.132329,-0.092515,-0.474712,0.436106,0.042216,1.066303,0.030828,0.015635,-0.933115,-0.031070,-0.006123,0.460909,-0.154821,-0.042198,-0.541847,0.450547,0.012358,1.119649
167,5.566667,-0.404628,0.297686,1,-1,0.387020,0.310939,-0.907259,0.084310,0.048926,0.230765,0.999615,0.999615,0,-0.000064,-0.000007,-0.016508,0.000298,0.000011,-0.015984,0.481208,0.421287,0.405799,0.486170,0.520793,0.329513,0.399347,0.401657,0.090480,0.457904,0.466151,0.082930,0.851972,0.745883,0.718461,0.860758,0.922058,0.583399,1.883578,1.894470,0.426763,2.159768,2.198667,0.391149,0.564816,0.212015,0,0,0,3.238260,6.000000,-0.000592,-0.000813,-0.492661,0.006062,-0.001331,-0.475069,0.000436,0.003100,-0.515474,0.001026,-0.003370,-0.484541,0.000654,0.000279,-0.514877,0.000856,-0.004314,-0.484100,0.000676,-0.002005,-0.514891,0.000607,-0.004053,-0.484426,0.000128,0.005691,-0.538942,0.001685,0.001809,-0.510035,0.002116,0.003120,-0.540079,0.002150,0.002247,-0.510299,0.004664,0.000696,-0.540969,0.003307,0.000900,-0.510038,-0.003847,-0.000174,-0.480074,0.012135,-0.000411,-0.464017,0.000041,-0.000209,-0.510398,0.005784,0.001084,-0.495000,0.002420,-0.001408,-0.197315,-0.070076,-0.020600,-0.190305,-0.000238,-0.002403,-0.386692,0.050720,0.002348,-0.456880,,,,,,,0.013037,0.057564,0.020578,0.194007,0.028682,0.353665,-0.002602,-0.010325,0.333120,-0.057825,-0.018772,1.262511,0.007933,0.000424,0.776972,0.070074,0.001833,1.335907,-0.022271,-0.029091,0.400754,-0.059284,-0.029109,1.406611,0.030574,-0.001577,0.813324,0.137424,-0.002602,1.303845,-0.015712,0.005881,0.379661,-0.031133,0.000011,1.366013,0.099381,0.011274,0.742929,0.231710,0.103789,1.217641,-0.019500,0.016780,0.335212,-0.050328,0.001145,1.268327,0.083273,0.016873,0.783003,0.238094,0.059071,1.324850
168,5.600000,-0.403188,0.298406,1,-1,0.386951,0.310916,-0.919577,0.084024,0.048808,0.230406,0.999643,0.999643,0,-0.000069,-0.000023,-0.012318,-0.000005,-0.000016,0.004190,0.460603,0.429009,0.383163,0.474292,0.530872,0.312142,0.399278,0.404525,0.089799,0.457867,0.468986,0.083030,0.804832,0.749626,0.669518,0.828751,0.927616,0.545419,1.884865,1.909636,0.423911,2.161442,2.213932,0.391959,0.572297,0.211834,0,0,0,3.238260,6.000000,-0.000716,-0.001091,-0.392711,-0.000124,-0.000278,0.099950,0.000342,0.006362,-0.392824,-0.000094,0.003262,0.122650,0.000318,0.004641,-0.392441,-0.000336,0.004362,0.122436,0.000319,0.002423,-0.392092,-0.000357,0.004428,0.122799,0.000568,0.005075,-0.387529,0.000440,-0.000616,0.151413,0.002305,0.002057,-0.388459,0.000189,-0.001063,0.151620,0.003794,0.000097,-0.389074,-0.000870,-0.000599,0.151895,-0.003834,-0.000587,-0.373562,0.000013,-0.000413,0.106512,-0.000315,-0.000764,-0.365544,-0.000356,-0.000555,0.144854,0.001057,-0.002400,-0.020850,-0.001363,-0.000992,0.176465,0.007516,-0.001441,-0.264907,0.007754,0.000962,0.121785,,,,,,,-0.293128,-0.773971,0.018051,-0.306165,-0.831535,-0.002527,-0.001135,-0.012454,0.690404,0.001467,-0.002129,0.357284,0.007564,-0.000200,0.150095,-0.000369,-0.000624,-0.626877,-0.018575,-0.030659,0.812298,0.003696,-0.001568,0.411544,0.021611,-0.000985,0.131655,-0.008963,0.000592,-0.681669,-0.015737,0.005221,0.795833,-0.000025,-0.000660,0.416172,0.043275,0.074934,0.103115,-0.056106,0.063660,-0.639814,-0.018139,0.009601,0.699381,0.001361,-0.007179,0.364169,0.027252,0.075077,0.157925,-0.056021,0.058204,-0.625078
169,5.633333,-0.399914,0.300043,1,-1,0.386869,0.310909,-0.911525,0.086049,0.048709,0.231842,0.999667,0.999667,0,-0.000083,-0.000007,0.008052,-0.000014,0.000015,0.020370,0.441098,0.428516,0.339532,0.463610,0.530508,0.277699,0.397095,0.406135,0.084973,0.455991,0.470534,0.082008,0.755184,0.733642,0.581297,0.793725,0.908259,0.475436,1.890059,1.933087,0.404446,2.170388,2.239612,0.390336,0.584094,0.210096,0,0,0,3.238260,6.000000,-0.000162,-0.000925,0.168053,0.000554,0.000166,0.560764,0.001822,0.000091,0.256889,0.001480,-0.006271,0.649713,0.002144,-0.000717,0.256879,0.001826,-0.005358,0.649320,0.002137,-0.001335,0.257644,0.001818,-0.003758,0.649736,0.003167,0.000689,0.196463,0.002599,-0.004386,0.583992,0.007324,0.000215,0.194986,0.005019,-0.001842,0.583445,0.010336,-0.001683,0.194077,0.006542,-0.001780,0.583151,-0.003925,0.000106,0.279645,-0.000091,0.000693,0.653207,-0.001013,-0.000558,0.203469,-0.000698,0.000206,0.569013,-0.007474,-0.000924,0.527957,-0.008531,0.001476,0.548807,0.001854,-0.106030,0.127400,-0.005662,-0.104589,0.392307,,,,,,,0.007189,0.100840,0.002570,0.300317,0.874811,-0.015481,-0.037749,-0.007746,1.089293,-0.036614,0.004708,0.398889,0.005887,-0.009243,0.021847,-0.001677,-0.009043,-0.128248,-0.078224,-0.012308,1.157234,-0.059649,0.018351,0.344936,0.017449,-0.003566,0.025899,-0.004162,-0.002581,-0.105756,-0.136549,0.004050,1.369117,-0.120812,-0.001171,0.573284,0.046828,0.034084,0.056144,0.003553,-0.040850,-0.046971,-0.186707,0.006697,1.170641,-0.168568,-0.002904,0.471260,0.039229,0.033531,0.023475,0.011977,-0.041546,-0.134450
170,5.666667,-0.397180,0.301410,1,-1,0.386775,0.310848,-0.895264,0.086512,0.048602,0.233706,0.999689,0.999689,0,-0.000094,-0.000061,0.016261,-0.000011,-0.000053,0.008209,0.428348,0.425241,0.296248,0.458392,0.524646,0.238854,0.395987,0.407684,0.083430,0.455035,0.472086,0.082763,0.722666,0.717424,0.499799,0.773353,0.885130,0.402970,1.904142,1.960391,0.401183,2.188082,2.270072,0.397972,0.592733,0.207961,0,0,0,3.238260,6.000000,-0.000774,-0.002244,0.499524,-0.000612,-0.001319,0.331471,0.000357,0.000135,0.531721,-0.001465,0.000044,0.274832,0.000460,-0.000488,0.531079,-0.001684,0.000229,0.274200,0.000677,-0.001003,0.530793,-0.001460,0.000332,0.273149,0.002295,0.000587,0.520236,-0.000872,-0.000102,0.323773,0.006689,0.000186,0.520400,-0.000635,-0.000029,0.325414,0.010125,-0.001430,0.519982,-0.000211,0.000253,0.325905,-0.004322,-0.000409,0.497376,-0.000397,-0.000515,0.217731,-0.001304,-0.003218,0.478322,-0.000291,-0.002660,0.274853,-0.022514,0.005367,0.532699,-0.015040,0.006291,0.004742,0.006167,-0.088506,0.231094,0.004313,0.017524,0.103694,,,,,,,0.011643,0.024247,0.012483,0.004454,-0.076593,0.009913,-0.022191,-0.019761,1.207886,0.015558,-0.012015,0.118593,-0.034618,-0.000502,-0.029810,-0.040505,0.008741,-0.051657,-0.044573,-0.010706,1.318088,0.033651,0.001602,0.160854,-0.067824,-0.001218,0.002330,-0.085273,0.002348,-0.023569,-0.073146,0.001202,1.349452,0.063403,-0.002848,-0.019665,0.007526,0.043779,0.015373,-0.039302,0.009695,-0.040771,-0.093334,-0.000451,1.239139,0.093373,-0.007148,0.068498,0.002589,0.041549,-0.026187,-0.036640,0.008018,-0.049662
171,5.700000,-0.396672,0.301664,1,-1,0.386765,0.310435,-0.895207,0.086488,0.048578,0.236702,0.999699,0.999699,0,-0.000009,-0.000414,0.000058,0.000084,-0.000353,-0.016204,0.419303,0.424564,0.267932,0.455254,0.522780,0.210245,0.394560,0.409004,0.079737,0.453966,0.473500,0.080610,0.714023,0.722981,0.456256,0.775243,0.890231,0.358022,1.922552,1.992935,0.388530,2.212019,2.307197,0.392784,0.587241,0.205227,0,0,0,3.238260,6.000000,-0.000117,-0.018822,0.009642,0.000657,-0.016578,-0.489882,-0.000528,-0.009567,0.005992,-0.000885,-0.009702,-0.525729,-0.000879,-0.013864,0.005944,-0.001339,-0.013376,-0.525135,-0.000747,-0.018345,0.005795,-0.001424,-0.017342,-0.524998,0.001071,0.000193,0.005164,-0.001224,-0.000394,-0.515072,0.003338,0.001104,0.005098,-0.003351,0.000918,-0.515302,0.004953,0.003041,0.004951,-0.005172,0.004471,-0.515031,-0.000854,-0.015366,0.001541,0.003468,-0.014957,-0.495835,0.000295,-0.009441,0.001912,0.001599,-0.006223,-0.476410,-0.060706,0.004378,-0.166767,-0.038192,-0.000989,-0.699466,0.026783,-0.000109,-0.021517,0.020616,0.088397,-0.252611,,,,,,,0.209875,0.136038,0.005858,0.198232,0.111791,-0.006625,-0.057206,-0.042003,0.751807,-0.035015,-0.022242,-0.456079,0.017518,-0.061966,-0.144591,0.052136,-0.061464,-0.114781,-0.061880,-0.044464,0.807838,-0.017307,-0.033758,-0.510250,0.009955,-0.045767,-0.196395,0.077779,-0.044549,-0.198725,-0.075073,-0.018260,0.644388,-0.001927,-0.019462,-0.705064,0.073303,0.004356,-0.209543,0.065777,-0.039423,-0.224916,-0.106949,-0.012667,0.704836,-0.013615,-0.012216,-0.534303,0.073392,0.000329,-0.164301,0.070803,-0.041220,-0.138114
172,5.733333,-0.395507,0.302246,1,-1,0.386744,0.309915,-0.895883,0.085970,0.048536,0.238124,0.999711,0.999711,0,-0.000022,-0.000520,-0.000676,-0.000012,-0.000106,-0.000734,0.417140,0.425259,0.262086,0.454648,0.522954,0.203736,0.394076,0.409889,0.078406,0.453649,0.474441,0.079520,0.713012,0.726890,0.447980,0.777124,0.893880,0.348244,1.933383,2.010962,0.384669,2.225657,2.327663,0.390134,0.585039,0.203827,0,0,0,3.238260,6.000000,-0.000167,-0.018451,0.010346,-0.000050,0.000371,0.000704,-0.000087,-0.008471,-0.020247,0.000441,0.001096,-0.026239,-0.000143,-0.011989,-0.020272,0.000736,0.001875,-0.026216,-0.000027,-0.015375,-0.020508,0.000720,0.002970,-0.026303,0.001560,-0.000095,-0.006183,0.000489,-0.000288,-0.011347,0.004216,0.000201,-0.005844,0.000878,-0.000903,-0.010942,0.006185,0.000444,-0.005661,0.001232,-0.002597,-0.010612,-0.001268,-0.015470,-0.029283,-0.000414,-0.000104,-0.030824,-0.000030,-0.015678,-0.011326,-0.000325,-0.006237,-0.013238,-0.023872,0.001490,-0.086009,0.036834,-0.002888,0.080758,0.020126,-0.002857,-0.031144,-0.006657,-0.002748,-0.009627,,,,,,,0.108584,0.092601,0.006865,-0.101291,-0.043437,0.001007,-0.033490,-0.024505,0.172842,0.023716,0.017498,-0.578965,0.008675,-0.031328,-0.025195,-0.008843,0.030638,0.119396,-0.034901,-0.027671,0.173303,0.026979,0.016793,-0.634535,0.005286,-0.027947,-0.035096,-0.004669,0.017820,0.161299,-0.036147,-0.011773,0.133420,0.038926,0.006487,-0.510968,0.024138,0.003929,-0.037880,-0.049165,-0.000427,0.171663,-0.046365,-0.009114,0.158086,0.060584,0.003553,-0.546750,0.024596,0.000594,-0.031185,-0.048796,0.000265,0.133116
173,5.766667,-0.387257,0.306372,1,-1,0.386622,0.308918,-0.896494,0.085738,0.048601,0.240084,0.999732,0.999732,0,-0.000122,-0.000997,-0.000611,-0.000101,-0.000477,0.000065,0.419214,0.429676,0.282084,0.455993,0.529868,0.219064,0.394813,0.409870,0.082051,0.454659,0.474891,0.078680,0.720667,0.738653,0.484928,0.783894,0.910891,0.376592,1.950319,2.024697,0.405321,2.245948,2.345892,0.388669,0.581703,0.202435,0,0,0,3.238260,6.000000,-0.000141,-0.037272,-0.000458,0.000026,-0.018821,-0.010804,0.006934,-0.031733,-0.023246,0.007021,-0.023262,-0.002999,0.011007,-0.029913,-0.022886,0.011150,-0.017924,-0.002614,0.012195,-0.026199,-0.022377,0.012222,-0.010824,-0.001869,0.004924,-0.040937,-0.011603,0.003364,-0.040842,-0.005420,0.007410,-0.049735,-0.011328,0.003194,-0.049936,-0.005484,0.007576,-0.061762,-0.010884,0.001391,-0.062206,-0.005223,-0.001844,-0.017369,-0.023242,-0.000576,-0.001899,0.006041,-0.005513,-0.042420,-0.013420,-0.005483,-0.026742,-0.002094,-0.011925,0.033551,-0.058823,0.011947,0.032061,0.027186,-0.022910,-0.097759,0.032405,-0.043036,-0.094902,0.063549,,,,,,,-0.049570,0.004027,0.280003,-0.158154,-0.088574,0.273138,-0.124646,0.005373,-0.158139,-0.091156,0.029878,-0.330981,-0.080295,0.009717,0.347981,-0.088970,0.041045,0.373176,-0.034359,0.000207,-0.185316,0.000542,0.027878,-0.358619,-0.100125,-0.000488,0.476044,-0.105411,0.027459,0.511140,-0.026135,0.008554,-0.142894,0.010012,0.020327,-0.276314,-0.152242,0.019782,0.451233,-0.176380,0.015853,0.489113,-0.032440,0.006600,-0.146642,0.013925,0.015714,-0.304728,-0.148704,0.014774,0.360337,-0.173300,0.014180,0.391522
174,5.800000,-0.379562,0.310219,1,-1,0.386578,0.307960,-0.897918,0.085314,0.048637,0.241593,0.999752,0.999752,0,-0.000044,-0.000958,-0.001424,0.000078,0.000038,-0.000813,0.418527,0.433734,0.291799,0.456851,0.535860,0.226121,0.395616,0.409599,0.084681,0.455776,0.475063,0.078258,0.723815,0.750114,0.504647,0.790095,0.926736,0.391062,1.965148,2.034605,0.420638,2.263981,2.359787,0.388733,0.578223,0.201316,0,0,0,3.238260,6.000000,-0.000130,-0.036382,-0.017867,0.000011,0.000890,-0.017409,0.006751,-0.032435,-0.051423,-0.000183,-0.000702,-0.028177,0.010732,-0.033070,-0.050942,-0.000275,-0.003157,-0.028056,0.011747,-0.031509,-0.050474,-0.000448,-0.005310,-0.028097,0.004018,-0.033735,-0.034763,-0.000906,0.007202,-0.023160,0.006114,-0.038077,-0.034454,-0.001296,0.011658,-0.023126,0.006258,-0.044793,-0.033896,-0.001318,0.016969,-0.023012,-0.000280,-0.019701,-0.050796,0.001564,-0.002332,-0.027554,-0.002329,-0.037844,-0.034624,0.003184,0.004576,-0.021204,-0.020901,0.021620,-0.085601,-0.008976,-0.011931,-0.026778,-0.014486,-0.051017,0.013293,0.008424,0.046742,-0.019112,,,,,,,-0.038112,0.012435,0.247386,0.011458,0.008408,-0.032617,-0.075848,0.007069,0.116426,0.048798,0.001696,0.274565,-0.047779,0.013699,0.347421,0.032516,0.003982,-0.000560,-0.030740,0.000182,0.114117,0.003619,-0.000025,0.299433,-0.055434,-0.000350,0.394875,0.044691,0.000138,-0.081169,-0.023788,0.011812,0.088112,0.002347,0.003258,0.231006,-0.124784,0.002866,0.368748,0.027458,-0.016916,-0.082485,-0.028158,0.010607,0.109774,0.004282,0.004007,0.256416,-0.122131,0.000971,0.338820,0.026573,-0.013803,-0.021517
175,5.833333,-0.368433,0.315784,1,-1,0.386447,0.305157,-0.906613,0.085485,0.048753,0.248929,0.999772,0.999772,0,-0.000130,-0.002803,-0.008695,-0.000086,-0.001845,-0.007271,0.398987,0.439515,0.185734,0.467619,0.542876,0.131988,0.398676,0.412591,0.080809,0.458687,0.477548,0.076647,0.684923,0.754494,0.318840,0.802739,0.931930,0.226578,2.035590,2.106640,0.412601,2.342001,2.438302,0.391348,0.582529,0.195853,0,0,2,3.238260,6.000000,0.000347,-0.068988,-0.305157,0.000477,-0.032606,-0.287290,0.009560,-0.034650,-0.310215,0.002809,-0.002215,-0.258792,0.011075,-0.041296,-0.308744,0.000343,-0.008226,-0.257802,0.010620,-0.049347,-0.306854,-0.001127,-0.017838,-0.256380,0.012950,-0.033397,-0.305123,0.008932,0.000338,-0.270360,0.018111,-0.042471,-0.304078,0.011997,-0.004394,-0.269624,0.022030,-0.062507,-0.303256,0.015772,-0.017714,-0.269360,-0.001588,-0.069278,-0.258955,-0.001308,-0.049577,-0.208159,-0.006221,-0.098877,-0.262780,-0.003892,-0.061033,-0.228156,-0.188912,-0.000233,0.145692,-0.168011,-0.021853,0.231293,0.005258,0.039750,-0.051463,0.019744,0.090767,-0.064756,,,,,,,-0.089053,-0.053698,-0.026472,-0.050941,-0.066133,-0.273858,-0.140882,0.012424,3.114104,-0.065034,0.005355,2.997678,-0.032566,0.035107,-0.026717,0.015213,0.021408,-0.374138,-0.225849,0.084922,3.413243,-0.195109,0.084740,3.299126,-0.001765,0.001035,-0.027550,0.053669,0.001385,-0.422425,-0.085561,0.066957,3.363397,-0.061773,0.055145,3.275285,0.012608,0.004864,0.003131,0.137392,0.001998,-0.365617,-0.113173,0.099453,3.129317,-0.085015,0.088846,3.019543,-0.000668,0.002005,-0.015085,0.121463,0.001034,-0.353905
176,5.866667,-0.364562,0.317719,1,-1,0.386188,0.303156,-0.910381,0.085149,0.049009,0.252774,0.999791,0.999791,0,-0.000260,-0.002001,-0.003768,-0.000130,0.000802,0.004927,0.399950,0.443169,0.161887,0.475312,0.546700,0.112566,0.399691,0.415232,0.080498,0.459581,0.479979,0.075935,0.686757,0.760969,0.277978,0.816161,0.938742,0.193288,2.061469,2.141623,0.415180,2.370363,2.475570,0.391649,0.582375,0.193886,0,0,0,3.238260,6.000000,-0.000888,-0.053210,-0.117266,-0.001235,0.015778,0.187891,0.001513,-0.019797,-0.140855,-0.008047,0.014853,0.169360,0.002493,-0.021376,-0.140308,-0.008582,0.019920,0.168436,0.002854,-0.023301,-0.139580,-0.007766,0.026046,0.167274,0.002908,-0.021358,-0.125027,-0.010042,0.012039,0.180096,0.005929,-0.025947,-0.124819,-0.012182,0.016524,0.179259,0.008677,-0.035106,-0.124683,-0.013353,0.027401,0.178573,-0.003820,-0.053520,-0.121838,-0.002232,0.015758,0.137117,-0.011780,-0.066518,-0.104197,-0.005559,0.032359,0.158583,-0.076292,-0.000996,0.013786,0.112620,-0.000763,-0.131906,-0.001236,0.023977,-0.002257,-0.006494,-0.015773,0.049206,,,,,,,-0.087255,-0.003794,-0.017976,0.001798,0.049904,0.008496,-0.089504,0.006203,0.667679,0.051378,-0.006221,-2.446425,-0.019054,0.030434,-0.063037,0.013512,-0.004673,-0.036320,-0.117084,0.037639,0.727286,0.108765,-0.047283,-2.685957,-0.011902,-0.000098,-0.011019,-0.010137,-0.001133,0.016531,-0.056348,0.001389,0.792133,0.029213,-0.065568,-2.571264,-0.026699,0.029075,-0.011190,-0.039307,0.024211,-0.014321,-0.080141,0.043337,0.701555,0.033032,-0.056116,-2.427762,-0.034209,0.017447,-0.041676,-0.033541,0.015442,-0.026591
177,5.900000,-0.353773,0.323113,1,-1,0.386170,0.302823,-0.884420,0.085499,0.048957,0.266278,0.999810,0.999810,0,-0.000017,-0.000333,0.025961,0.000243,0.001667,0.029729,0.406227,0.446652,0.117287,0.492184,0.548777,0.081113,0.399616,0.417759,0.080766,0.459388,0.482354,0.076565,0.702823,0.772765,0.202921,0.851540,0.949453,0.140336,2.173511,2.272193,0.439284,2.498609,2.623524,0.416440,0.577993,0.183857,0,0,0,3.238260,6.000000,0.006689,-0.005908,0.874711,0.007577,0.047302,0.991977,0.008478,-0.000473,0.757091,0.006965,0.019324,0.897946,0.004401,0.000141,0.757910,0.001908,0.021517,0.898218,0.001793,0.003655,0.758107,-0.001061,0.026956,0.897687,0.030922,-0.004518,0.754184,0.028014,0.016840,0.879211,0.048235,-0.006596,0.754750,0.042306,0.019351,0.879569,0.063108,-0.010899,0.755526,0.054431,0.024207,0.880209,-0.001189,-0.003209,0.785784,0.002631,0.050311,0.907622,0.000164,-0.016809,0.771888,0.011944,0.049709,0.876085,-0.180116,0.016226,0.557953,-0.103824,0.017222,0.544167,-0.014525,-0.374987,0.593387,-0.013289,-0.398964,0.595644,,,,,,,-0.064409,-0.022187,0.586438,0.022846,-0.018393,0.604414,-0.036812,0.015703,2.335240,0.052692,0.009500,1.667561,-0.053025,0.027434,0.645754,-0.033971,-0.003000,0.708791,-0.053734,0.048475,2.538618,0.063350,0.010836,1.811332,-0.053598,0.004043,0.775698,-0.041696,0.004141,0.786717,-0.037610,0.007582,2.536334,0.018738,0.006193,1.744201,-0.003503,0.070388,0.874116,0.023196,0.041313,0.885306,-0.036677,0.045347,2.384520,0.043464,0.002010,1.682965,-0.012170,0.060879,0.702544,0.022039,0.043432,0.744220
178,5.933333,-0.350743,0.324628,1,-1,0.386277,0.302631,-0.877869,0.085049,0.048739,0.275340,0.999826,0.999826,0,0.000106,-0.000192,0.006551,0.000123,0.000141,-0.019410,0.416037,0.454208,0.101662,0.508480,0.557747,0.075031,0.398894,0.417082,0.080833,0.458587,0.481605,0.074987,0.729467,0.796394,0.178252,0.891552,0.977935,0.131556,2.253475,2.356226,0.456649,2.590698,2.720738,0.423625,0.570331,0.177013,0,0,0,3.238260,6.000000,0.013292,-0.002977,0.262839,0.006603,0.002931,-0.611872,0.010893,-0.005148,0.194036,0.002415,-0.004675,-0.563055,0.005612,-0.004853,0.193900,0.001211,-0.004994,-0.564010,0.001869,-0.003611,0.193396,0.000076,-0.007266,-0.564711,0.028135,-0.002510,0.203469,-0.002787,0.002008,-0.550715,0.039010,-0.002500,0.203691,-0.009225,0.004096,-0.551059,0.047843,-0.003762,0.203889,-0.015265,0.007137,-0.551637,-0.000106,-0.005205,0.190562,0.001083,-0.001996,-0.595222,0.006467,-0.006317,0.202469,0.006303,0.010492,-0.569419,-0.154536,-0.005975,-0.023558,0.025580,-0.022201,-0.581511,0.001992,-0.176062,0.150604,0.016517,0.198925,-0.442783,,,,,,,-0.013936,-0.074959,0.481458,0.050473,-0.052772,-0.104980,-0.060495,0.002486,1.472801,-0.023683,-0.013217,-0.862439,-0.002523,-0.015212,0.746110,0.050502,-0.042646,0.100356,-0.071490,0.010827,1.654973,-0.017756,-0.037648,-0.883645,-0.030296,-0.005134,0.825913,0.023302,-0.009177,0.050215,-0.056065,0.001511,1.552818,-0.018455,-0.006071,-0.983516,-0.064082,-0.006191,0.851047,-0.060579,-0.076579,-0.023069,-0.068974,0.031001,1.463580,-0.032297,-0.014346,-0.920940,-0.066296,-0.009486,0.753903,-0.054126,-0.070365,0.051359
179,5.966667,-0.360989,0.319505,1,-1,0.386937,0.302686,-0.845878,0.085984,0.048045,0.278553,0.999842,0.999842,0,0.000660,0.000055,0.031991,0.000554,0.000247,0.025441,0.416158,0.434682,0.085165,0.509552,0.530584,0.098009,0.397855,0.418838,0.084970,0.457389,0.483364,0.075933,0.704254,0.735601,0.144123,0.862301,0.897894,0.165857,2.306690,2.428345,0.492638,2.651857,2.802455,0.440244,0.590921,0.172479,0,0,0,3.238260,6.000000,0.030467,0.006993,0.927857,0.017175,0.009970,0.665018,0.013457,-0.000295,0.988846,0.002564,0.004853,0.794810,0.005853,-0.001033,0.987904,0.000241,0.003820,0.794004,0.000705,-0.002361,0.987046,-0.001164,0.001250,0.793650,0.032510,0.013175,0.946501,0.004375,0.015685,0.743032,0.045763,0.019028,0.946906,0.006753,0.021528,0.743215,0.062105,0.020895,0.945970,0.014262,0.024657,0.742081,0.009401,0.000494,0.983900,0.009507,0.005699,0.793338,0.030230,0.002816,0.935562,0.023763,0.009133,0.733093,-0.068918,-0.002275,1.272502,0.085618,0.003700,1.296060,0.039175,-0.105652,0.581823,0.037183,0.070410,0.431219,,,,,,,-0.010008,-0.075874,-0.209658,0.003928,-0.000915,-0.691116,-0.005075,-0.000712,0.911381,0.055420,-0.003198,-0.561420,-0.032123,0.015251,-1.024354,-0.029600,0.030463,-1.770464,-0.026958,0.004063,0.987116,0.044532,-0.006764,-0.667857,-0.031205,-0.000138,-1.014411,-0.000909,0.004996,-1.840324,-0.044777,0.000688,1.075662,0.011288,-0.000823,-0.477156,-0.125890,0.100254,-0.947172,-0.061808,0.106445,-1.798219,-0.019945,-0.010906,0.949389,0.049029,-0.041907,-0.514191,-0.127535,0.079279,-1.010805,-0.061239,0.088765,-1.764708
180,6.000000,-0.364808,0.317596,1,-1,0.387172,0.302748,-0.829106,0.085872,0.047754,0.281911,0.999855,0.999855,0,0.000235,0.000062,0.016771,-0.000426,0.000007,-0.015220,0.418870,0.423079,0.112744,0.513910,0.510957,0.141492,0.397261,0.418138,0.089676,0.456621,0.482734,0.076410,0.700277,0.707313,0.188488,0.859167,0.854231,0.236550,2.345203,2.468446,0.529398,2.695625,2.849786,0.451081,0.598149,0.169393,0,0,0,3.238260,6.000000,0.015568,0.006498,0.488863,-0.014899,-0.000495,-0.438994,0.009570,-0.000127,0.512613,-0.003887,0.000168,-0.476233,0.004728,-0.000312,0.512432,-0.001125,0.000721,-0.475472,0.000793,-0.000280,0.512418,0.000088,0.002081,-0.474628,0.019093,0.006417,0.510288,-0.013417,-0.006758,-0.436213,0.025238,0.007587,0.510278,-0.020525,-0.011441,-0.436628,0.032507,0.006729,0.510088,-0.029598,-0.014166,-0.435882,0.002662,0.001471,0.504026,-0.006739,0.000977,-0.479874,0.011400,0.002256,0.502244,-0.018830,-0.000560,-0.433318,-0.032407,0.001637,0.616253,0.036511,0.003912,-0.656249,0.027305,-0.112485,0.362061,-0.011870,-0.006833,-0.219762,,,,,,,-0.037649,-0.055261,-0.025177,-0.027641,0.020613,0.184481,-0.006895,-0.001196,0.702320,-0.001820,-0.000484,-0.209061,-0.020985,0.006498,-1.011214,0.011138,-0.008753,0.013140,-0.019607,0.002169,0.787861,0.007351,-0.001894,-0.199255,-0.020737,-0.000626,-1.081706,0.010468,-0.000488,-0.067295,-0.028757,0.000606,0.825246,0.016020,-0.000082,-0.250416,-0.179252,0.032966,-1.051564,-0.053362,-0.067288,-0.104392,-0.021957,0.011955,0.726251,-0.002012,0.022861,-0.223138,-0.168444,0.033183,-1.013314,-0.040909,-0.046096,-0.002509
181,6.033333,-0.368814,0.315593,1,-1,0.387312,0.302859,-0.824439,0.085651,0.047479,0.285477,0.999866,0.999866,0,0.000140,0.000111,0.004668,-0.000094,0.000049,-0.012103,0.411331,0.418269,0.126188,0.502882,0.497308,0.160619,0.396864,0.417899,0.087902,0.456016,0.482250,0.075983,0.683012,0.694531,0.209534,0.835030,0.825776,0.266707,2.386209,2.512683,0.528524,2.741870,2.899604,0.456861,0.602232,0.166316,0,0,0,3.238260,6.000000,0.015990,0.006350,0.114266,0.000422,-0.000148,-0.374597,0.007561,0.003490,0.135879,-0.002009,0.003617,-0.376734,0.002204,0.002680,0.135573,-0.002524,0.002992,-0.376859,0.000273,0.002850,0.135477,-0.000520,0.003130,-0.376941,0.023252,0.011868,0.139951,0.004159,0.005451,-0.370337,0.030010,0.011696,0.139877,0.004772,0.004109,-0.370401,0.037404,0.009094,0.139351,0.004897,0.002365,-0.370737,0.000104,0.002598,0.138826,-0.002558,0.001127,-0.365200,0.008351,0.004042,0.141283,-0.003049,0.001786,-0.360961,-0.008588,0.029047,0.253839,0.023819,0.027410,-0.362414,0.068395,-0.033640,0.099363,0.041090,0.078845,-0.262698,,,,,,,0.007753,-0.014223,-0.686705,0.045402,0.041038,-0.661528,0.004917,-0.003530,-0.606884,0.011812,-0.002334,-1.309204,0.003499,-0.020022,-1.279619,0.024484,-0.026520,-0.268405,0.011616,-0.053301,-0.628005,0.031223,-0.055470,-1.415866,0.005014,-0.001659,-1.411069,0.025751,-0.001033,-0.329363,-0.014715,-0.000238,-0.600019,0.014042,-0.000844,-1.425265,0.040540,-0.014216,-1.266119,0.219792,-0.047182,-0.214555,0.000515,-0.016803,-0.601614,0.022472,-0.028758,-1.327865,0.018427,-0.009488,-1.226106,0.186871,-0.042671,-0.212792
182,6.066667,-0.369155,0.315423,1,-1,0.387374,0.302861,-0.824051,0.085584,0.047330,0.292650,0.999877,0.999877,0,0.000062,0.000002,0.000387,-0.000078,-0.000109,-0.004280,0.412400,0.419553,0.133219,0.504875,0.496188,0.171320,0.396670,0.419489,0.081359,0.455780,0.483456,0.075611,0.679519,0.691305,0.219508,0.831892,0.817579,0.282287,2.452698,2.593794,0.503060,2.818187,2.989319,0.467518,0.606900,0.161728,0,0,0,3.238260,6.000000,0.007288,-0.000198,-0.003446,-0.008702,-0.006548,-0.117712,0.005322,-0.000583,0.034819,-0.002239,-0.004073,-0.101060,0.001749,-0.001389,0.034652,-0.000455,-0.004069,-0.100921,0.000218,-0.002076,0.034425,-0.000055,-0.004926,-0.101052,0.013390,0.001201,0.034847,-0.009862,-0.010667,-0.105104,0.016588,0.001016,0.034883,-0.013422,-0.010680,-0.104994,0.020206,0.000361,0.034570,-0.017198,-0.008733,-0.104781,-0.000389,-0.000276,0.011902,-0.000493,-0.002874,-0.126924,0.004116,0.000406,0.011322,-0.004235,-0.003636,-0.129961,-0.035645,0.007592,0.167995,-0.027057,-0.021455,-0.085844,0.111086,0.014691,-0.016281,0.042691,0.048331,-0.115644,,,,,,,0.043530,-0.024176,-0.295483,0.035777,-0.009953,0.391222,0.005752,-0.003026,0.118067,0.000835,0.000504,0.724951,0.003524,-0.018230,-0.248584,0.000025,0.001792,1.031035,0.008599,-0.039738,0.160552,-0.003017,0.013563,0.788557,0.134389,-0.004544,-0.322527,0.129375,-0.002885,1.088542,-0.008181,-0.001237,0.152053,0.006534,-0.000999,0.752072,0.226597,-0.015212,-0.296559,0.186057,-0.000996,0.969560,0.004004,-0.016240,0.116751,0.003489,0.000563,0.718365,0.203422,-0.008181,-0.248993,0.184995,0.001307,0.977113
183,6.100000,-0.371194,0.314403,1,-1,0.387589,0.303145,-0.827654,0.081514,0.047058,0.286107,0.999887,0.999887,0,0.000215,0.000284,-0.003603,0.000153,0.000282,-0.003991,0.397280,0.427104,0.119515,0.474836,0.486946,0.159623,0.396236,0.422074,0.073618,0.454922,0.485139,0.073980,0.661776,0.711456,0.199084,0.790965,0.811139,0.265894,2.409065,2.566158,0.447588,2.765874,2.949585,0.449788,0.600324,0.164477,0,0,0,3.238260,6.000000,0.013641,0.019968,-0.195574,0.006353,0.020166,-0.192128,0.014479,0.009707,-0.029184,0.009157,0.010290,-0.064003,0.008522,0.008372,-0.030563,0.006773,0.009761,-0.065215,0.002083,0.008342,-0.030391,0.001865,0.010418,-0.064816,0.018277,0.015872,-0.163715,0.004887,0.014671,-0.198562,0.018599,0.013686,-0.164641,0.002011,0.012670,-0.199524,0.018870,0.008983,-0.168614,-0.001336,0.008622,-0.203184,0.002333,0.006078,-0.179313,0.002722,0.006354,-0.191215,0.010558,0.010973,-0.036884,0.006442,0.010567,-0.048206,0.097487,0.018317,-0.308041,0.133132,0.010725,-0.476036,0.007231,0.006858,-0.080016,-0.103855,-0.007833,-0.063735,,,,,,,0.001422,0.063297,-1.471476,-0.042108,0.087473,-1.175993,0.000713,0.032873,-2.583284,-0.005039,0.035899,-2.701351,0.033303,-0.004038,-2.214646,0.029779,0.014192,-1.966062,0.001225,-0.010162,-2.825832,-0.007374,0.029576,-2.986384,0.060936,-0.002094,-2.391933,-0.073453,0.002450,-2.069406,-0.006579,0.000633,-2.628683,0.001602,0.001870,-2.780736,0.298376,-0.000973,-2.288496,0.071779,0.014239,-1.991937,0.004410,0.000093,-2.549908,0.000406,0.016333,-2.666659,0.274504,0.005840,-2.164008,0.071082,0.014021,-1.915015
184,6.133333,-0.369217,0.315391,1,-1,0.387659,0.303174,-0.833809,0.084257,0.046924,0.281492,0.999896,0.999896,0,0.000070,0.000029,-0.006155,-0.000145,-0.000255,-0.002551,0.396485,0.427049,0.098387,0.467850,0.487099,0.140010,0.396481,0.422294,0.073530,0.454928,0.485124,0.074539,0.654504,0.704958,0.162414,0.772312,0.804088,0.231124,2.378470,2.533321,0.441102,2.729094,2.910237,0.447158,0.605779,0.166696,0,0,0,3.238260,6.000000,0.007357,0.006808,-0.187663,-0.006284,-0.013160,0.007911,0.011184,0.004867,-0.259001,-0.003295,-0.004840,-0.229817,0.006968,0.004304,-0.258638,-0.001554,-0.004068,-0.228075,0.001793,0.004619,-0.258747,-0.000290,-0.003723,-0.228356,0.013576,0.006002,-0.204939,-0.004701,-0.009870,-0.041224,0.014881,0.004215,-0.204803,-0.003718,-0.009471,-0.040162,0.017181,0.001889,-0.203177,-0.001689,-0.007094,-0.034563,0.000097,0.001341,-0.133293,-0.002236,-0.004737,0.046020,0.004097,0.000387,-0.235983,-0.006461,-0.010586,-0.199099,0.080038,0.020362,0.124310,-0.017449,0.002045,0.432351,-0.009847,-0.045862,-0.026863,-0.017078,-0.052720,0.053153,,,,,,,-0.035410,0.003072,-0.068098,-0.036832,-0.060225,1.403378,0.002003,0.037749,-0.822108,0.001290,0.004876,1.761176,-0.036558,0.031006,-0.134350,-0.069861,0.035044,2.080296,-0.000590,0.048033,-0.976939,-0.001815,0.058195,1.848893,0.023153,0.004395,-0.064439,-0.037783,0.006489,2.327494,0.001266,0.009593,-0.993785,0.007845,0.008960,1.634898,0.002943,0.007546,-0.130416,-0.295433,0.008519,2.158080,0.003664,0.051877,-0.844404,-0.000746,0.051784,1.705504,0.005636,0.012224,-0.153751,-0.268868,0.006384,2.010257
185,6.166667,-0.371454,0.314273,1,-1,0.387760,0.303746,-0.853877,0.088275,0.046736,0.261857,0.999906,0.999906,0,0.000101,0.000572,-0.020068,0.000031,0.000543,-0.013913,0.396241,0.422683,0.080479,0.465200,0.489051,0.114959,0.396139,0.421085,0.075547,0.454052,0.483498,0.076017,0.644537,0.687548,0.130910,0.756707,0.795504,0.186996,2.219541,2.359309,0.423282,2.544023,2.709005,0.425919,0.614769,0.178478,0,0,0,3.238260,6.000000,0.009061,0.034442,-0.687187,0.001704,0.027634,-0.499524,0.003713,0.039684,-0.709966,-0.007471,0.034817,-0.450965,0.000745,0.041358,-0.709022,-0.006223,0.037054,-0.450384,0.000113,0.042795,-0.707645,-0.001680,0.038176,-0.448898,0.015187,0.030305,-0.757399,0.001611,0.024303,-0.552460,0.018091,0.024653,-0.758552,0.003210,0.020438,-0.553749,0.021743,0.018860,-0.757935,0.004562,0.016971,-0.554758,0.000215,0.019115,-0.528449,0.000118,0.017774,-0.395156,0.005837,0.015209,-0.675632,0.001740,0.014822,-0.439649,0.085396,0.050832,-0.214926,0.005358,0.030470,-0.339236,-0.177136,0.388591,-0.391899,-0.167289,0.434453,-0.365036,,,,,,,-0.209000,0.164330,-0.373414,-0.173590,0.161258,-0.305316,-0.012569,0.071992,-0.897070,-0.014572,0.034243,-0.074962,-0.071488,0.083774,0.071357,-0.034930,0.052768,0.205707,-0.025041,0.048423,-0.955771,-0.024451,0.000390,0.021168,-0.092513,0.040800,0.193359,-0.115666,0.036405,0.257798,-0.026865,0.021147,-0.926154,-0.028131,0.011554,0.067631,-0.113382,0.016116,0.202721,-0.116325,0.008570,0.333137,-0.006285,0.072581,-0.889490,-0.009949,0.020704,-0.045086,-0.120714,0.031430,0.109075,-0.126350,0.019206,0.262826
186,6.200000,-0.371466,0.314267,1,-1,0.387799,0.303941,-0.869911,0.087877,0.046661,0.251495,0.999914,0.999914,0,0.000039,0.000195,-0.016034,-0.000062,-0.000377,0.004034,0.396350,0.420971,0.076219,0.469587,0.495352,0.108155,0.396196,0.420971,0.075396,0.453961,0.483218,0.077816,0.638959,0.678651,0.122873,0.757025,0.798560,0.174358,2.135449,2.268982,0.406375,2.446790,2.604486,0.419416,0.620306,0.185533,0,0,0,3.238260,6.000000,0.002823,0.011266,-0.447317,-0.006238,-0.023176,0.239870,0.001060,0.012189,-0.482966,-0.002653,-0.027495,0.227000,0.000426,0.010802,-0.481846,-0.000319,-0.030556,0.227176,-0.000239,0.009587,-0.481381,-0.000352,-0.033208,0.226264,0.005564,0.012597,-0.441611,-0.009623,-0.017708,0.315788,0.007600,0.011646,-0.441747,-0.010491,-0.013007,0.316805,0.010968,0.009853,-0.440957,-0.010775,-0.009007,0.316978,0.000037,0.004868,-0.487332,-0.000178,-0.014247,0.041117,0.002312,0.006858,-0.474685,-0.003525,-0.008351,0.200947,0.070472,0.017547,-0.347895,-0.014924,-0.033285,-0.132969,-0.076953,0.231537,-0.456457,0.100183,-0.157054,-0.064558,,,,,,,-0.594746,-0.444186,0.016070,-0.385746,-0.608516,0.389484,-0.007945,0.012690,0.236326,0.004624,-0.059302,1.133396,-0.044629,0.052625,0.570002,0.026859,-0.031149,0.498645,-0.015188,0.035981,0.250643,0.009853,-0.012442,1.206414,-0.072255,0.048593,0.612743,0.020258,0.007793,0.419384,-0.011582,0.014409,0.119705,0.015283,-0.006738,1.045859,-0.012462,0.006554,0.616910,0.100920,-0.009562,0.414189,-0.004331,0.041538,0.201840,0.001954,-0.031043,1.091330,-0.016405,0.016935,0.577805,0.104309,-0.014495,0.468730
187,6.233333,-0.371731,0.314135,1,-1,0.387852,0.304136,-0.888678,0.088176,0.046618,0.238908,0.999922,0.999922,0,0.000053,0.000194,-0.018767,0.000013,-0.000001,-0.002733,0.398264,0.422755,0.073247,0.458608,0.488905,0.097696,0.395919,0.421216,0.072901,0.453423,0.482981,0.077765,0.640752,0.680154,0.117844,0.737836,0.786579,0.157180,2.029023,2.158665,0.373604,2.323723,2.475203,0.398533,0.621558,0.195128,0,0,0,3.238260,6.000000,0.004011,0.020060,-0.647873,0.001188,0.008794,-0.200556,0.002988,0.014186,-0.611288,0.001928,0.001997,-0.128322,0.001703,0.015011,-0.612241,0.001277,0.004209,-0.130395,0.000140,0.016927,-0.611874,0.000379,0.007340,-0.130493,0.005558,0.009499,-0.611798,-0.000006,-0.003098,-0.170187,0.007533,0.006404,-0.612279,-0.000067,-0.005242,-0.170532,0.012103,0.003468,-0.613021,0.001135,-0.006385,-0.172064,0.000921,0.005852,-0.557365,0.000884,0.000984,-0.070033,0.002209,0.005802,-0.568720,-0.000103,-0.001056,-0.094035,0.153751,-0.008078,-0.227082,0.083279,-0.025625,0.120813,-0.102735,0.127060,-0.173841,-0.025782,-0.104477,0.282616,,,,,,,-0.244023,-0.130743,-0.643362,0.350723,0.313443,-0.659432,-0.033442,0.088740,-2.125434,-0.025497,0.076050,-2.361760,-0.028233,0.090741,-1.646100,0.016396,0.038116,-2.216102,-0.022631,0.090914,-2.300679,-0.007443,0.054933,-2.551322,-0.023291,0.071855,-1.748528,0.048964,0.023262,-2.361271,-0.075093,0.035765,-2.188954,-0.063511,0.021356,-2.308659,0.004610,0.012578,-1.640562,0.017072,0.006024,-2.257472,0.001259,0.010064,-2.123668,0.005590,-0.031474,-2.325508,0.000663,0.022570,-1.599657,0.017068,0.005635,-2.177462
188,6.266667,-0.373469,0.313265,1,-1,0.388000,0.304215,-0.886560,0.087725,0.046546,0.231008,0.999929,0.999929,0,0.000148,0.000079,0.002118,0.000096,-0.000115,0.020886,0.397369,0.423985,0.072735,0.461341,0.487994,0.110795,0.396339,0.421709,0.071111,0.453735,0.483213,0.077485,0.636063,0.678668,0.116427,0.738464,0.781126,0.177348,1.967046,2.092961,0.352928,2.251907,2.398205,0.384563,0.624731,0.201489,0,0,0,3.238260,6.000000,0.005332,0.010223,0.060702,0.001321,-0.009837,0.708575,0.002965,0.006172,0.074009,-0.000023,-0.008014,0.685297,0.001902,0.005750,0.073627,0.000199,-0.009261,0.685868,0.000284,0.005847,0.072908,0.000144,-0.011080,0.684782,0.005360,0.005591,0.086675,-0.000198,-0.003908,0.698473,0.007051,0.004688,0.086805,-0.000482,-0.001716,0.699084,0.010841,0.004237,0.086752,-0.001262,0.000769,0.699773,0.003380,0.001260,0.056269,0.002459,-0.004592,0.613634,0.005540,0.003497,0.070869,0.003331,-0.002305,0.639589,0.139342,-0.002906,0.067174,-0.014409,0.005172,0.294256,-0.036537,0.071468,0.030799,0.066198,-0.055592,0.204640,,,,,,,-0.062440,-0.033504,-0.034822,0.181583,0.097239,0.608540,-0.022869,0.076228,0.399958,0.010573,-0.012512,2.525392,-0.018565,0.068961,-0.201724,0.009668,-0.021780,1.444376,-0.008324,-0.000018,0.473723,0.014307,-0.090932,2.774402,-0.020326,0.058978,-0.234536,0.002965,-0.012877,1.513992,-0.041742,0.039831,0.500624,0.033351,0.004066,2.689578,0.009588,0.016279,-0.171263,0.004978,0.003701,1.469299,0.000302,0.022811,0.418963,-0.000957,0.012747,2.542631,0.004353,0.025066,-0.184073,0.003690,0.002496,1.415584
189,6.300000,-0.378899,0.310550,1,-1,0.388178,0.304555,-0.890816,0.086852,0.046364,0.227853,0.999935,0.999935,0,0.000178,0.000339,-0.004256,0.000030,0.000260,-0.006375,0.395587,0.416962,0.071275,0.464487,0.483375,0.118909,0.395501,0.415641,0.066764,0.453037,0.477115,0.074240,0.641505,0.676169,0.115583,0.753237,0.783868,0.192830,1.943651,2.042624,0.328106,2.226403,2.344733,0.364847,0.616654,0.203484,0,0,0,3.238260,6.000000,0.012413,0.012588,-0.088783,0.007081,0.002365,-0.149485,0.009384,0.010215,-0.135305,0.006419,0.004043,-0.209314,0.006125,0.013188,-0.134729,0.004223,0.007438,-0.208356,0.002178,0.017284,-0.134296,0.001894,0.011437,-0.207204,0.009668,0.006507,-0.112410,0.004308,0.000916,-0.199085,0.009558,0.005045,-0.112746,0.002507,0.000357,-0.199551,0.009631,0.003784,-0.112723,-0.001210,-0.000453,-0.199475,0.002611,0.009512,-0.141470,-0.000769,0.008252,-0.197739,0.008071,0.010852,-0.113949,0.002531,0.007355,-0.184818,0.011998,-0.023951,-0.374575,-0.127344,-0.021045,-0.441749,-0.005984,0.092888,-0.097548,0.030553,0.021420,-0.128347,,,,,,,-0.037646,-0.066900,-0.082524,0.024794,-0.033396,-0.047702,-0.166846,0.021282,0.529636,-0.143977,-0.054946,0.129678,-0.005583,0.015914,0.118870,0.012982,-0.053047,0.320594,-0.050558,0.104009,0.575593,-0.042234,0.104027,0.101870,0.016596,0.004746,0.154669,0.036922,-0.054232,0.389205,-0.114071,0.041317,0.483288,-0.072329,0.001486,-0.017336,-0.104418,-0.146422,0.193275,-0.114006,-0.162701,0.364538,-0.161129,0.091792,0.509196,-0.161431,0.068981,0.090233,-0.196552,-0.027037,0.142955,-0.200905,-0.052103,0.327028
190,6.333333,-0.381069,0.309466,1,-1,0.388256,0.304737,-0.885832,0.085109,0.046283,0.227389,0.999940,0.999940,0,0.000078,0.000182,0.004984,-0.000100,-0.000157,0.009241,0.399610,0.414744,0.108601,0.483526,0.482276,0.170230,0.395381,0.413738,0.065197,0.452963,0.475197,0.074196,0.650975,0.675628,0.176914,0.787677,0.785639,0.277308,1.942504,2.032688,0.320310,2.225404,2.334637,0.364526,0.613864,0.203542,0,0,0,3.238260,6.000000,0.007258,0.006026,0.135055,-0.005155,-0.006562,0.223838,0.006860,0.007887,0.156212,-0.002524,-0.002328,0.291517,0.004946,0.010348,0.156196,-0.001179,-0.002840,0.290925,0.002072,0.013273,0.156348,-0.000106,-0.004011,0.290644,0.006237,0.004895,0.202711,-0.003431,-0.001612,0.315121,0.006190,0.003835,0.202721,-0.003368,-0.001210,0.315467,0.005842,0.002898,0.201606,-0.003789,-0.000886,0.314329,0.001096,0.004852,0.119281,-0.001515,-0.004660,0.260751,0.003590,0.006084,0.179803,-0.004481,-0.004768,0.293752,-0.009373,-0.018477,0.138596,-0.021371,0.005474,0.513171,0.010499,0.034418,0.227875,0.016483,-0.058470,0.325423,,,,,,,0.034050,-0.067551,0.429693,0.071696,-0.000651,0.512217,-0.008249,-0.001452,1.892041,0.158597,-0.022734,1.362405,0.001899,0.003685,0.082347,0.007482,-0.012229,-0.036523,-0.017797,0.064348,2.127739,0.032761,-0.039661,1.552146,0.022014,0.012247,0.140394,0.005418,0.007501,-0.014275,-0.044444,0.024236,2.135550,0.069627,-0.017081,1.652262,-0.037066,-0.042189,0.278515,0.067352,0.104233,0.085240,0.000036,0.031407,1.922788,0.161165,-0.060385,1.413592,-0.073523,-0.005254,0.257730,0.123029,0.021783,0.114775
